
 **** DERIVATIVE DATABASE ****    
+DDB, Version number     10929

  Note : temporary (transfer) database                                                                                                                                                                                                                                   

     natom         5
      nkpt       512
    nsppol         1
      nsym        48
    ntypat         3
    occopt         1
     nband        22
     acell  0.74644182248983D+01  0.74644182248983D+01  0.74644182248983D+01
       amu  0.20720000000000D+03  0.47880000000000D+02  0.15999400000000D+02
   dilatmx  0.10000000000000D+01
      ecut  0.40000000000000D+02
    ecutsm  0.00000000000000D+00
     intxc         0
      iscf         5
       ixc         3
       kpt  0.62500000000000D-01  0.62500000000000D-01  0.62500000000000D-01
            0.18750000000000D+00  0.62500000000000D-01  0.62500000000000D-01
            0.31250000000000D+00  0.62500000000000D-01  0.62500000000000D-01
            0.43750000000000D+00  0.62500000000000D-01  0.62500000000000D-01
           -0.43750000000000D+00  0.62500000000000D-01  0.62500000000000D-01
           -0.31250000000000D+00  0.62500000000000D-01  0.62500000000000D-01
           -0.18750000000000D+00  0.62500000000000D-01  0.62500000000000D-01
           -0.62500000000000D-01  0.62500000000000D-01  0.62500000000000D-01
            0.62500000000000D-01  0.18750000000000D+00  0.62500000000000D-01
            0.18750000000000D+00  0.18750000000000D+00  0.62500000000000D-01
            0.31250000000000D+00  0.18750000000000D+00  0.62500000000000D-01
            0.43750000000000D+00  0.18750000000000D+00  0.62500000000000D-01
           -0.43750000000000D+00  0.18750000000000D+00  0.62500000000000D-01
           -0.31250000000000D+00  0.18750000000000D+00  0.62500000000000D-01
           -0.18750000000000D+00  0.18750000000000D+00  0.62500000000000D-01
           -0.62500000000000D-01  0.18750000000000D+00  0.62500000000000D-01
            0.62500000000000D-01  0.31250000000000D+00  0.62500000000000D-01
            0.18750000000000D+00  0.31250000000000D+00  0.62500000000000D-01
            0.31250000000000D+00  0.31250000000000D+00  0.62500000000000D-01
            0.43750000000000D+00  0.31250000000000D+00  0.62500000000000D-01
           -0.43750000000000D+00  0.31250000000000D+00  0.62500000000000D-01
           -0.31250000000000D+00  0.31250000000000D+00  0.62500000000000D-01
           -0.18750000000000D+00  0.31250000000000D+00  0.62500000000000D-01
           -0.62500000000000D-01  0.31250000000000D+00  0.62500000000000D-01
            0.62500000000000D-01  0.43750000000000D+00  0.62500000000000D-01
            0.18750000000000D+00  0.43750000000000D+00  0.62500000000000D-01
            0.31250000000000D+00  0.43750000000000D+00  0.62500000000000D-01
            0.43750000000000D+00  0.43750000000000D+00  0.62500000000000D-01
           -0.43750000000000D+00  0.43750000000000D+00  0.62500000000000D-01
           -0.31250000000000D+00  0.43750000000000D+00  0.62500000000000D-01
           -0.18750000000000D+00  0.43750000000000D+00  0.62500000000000D-01
           -0.62500000000000D-01  0.43750000000000D+00  0.62500000000000D-01
            0.62500000000000D-01 -0.43750000000000D+00  0.62500000000000D-01
            0.18750000000000D+00 -0.43750000000000D+00  0.62500000000000D-01
            0.31250000000000D+00 -0.43750000000000D+00  0.62500000000000D-01
            0.43750000000000D+00 -0.43750000000000D+00  0.62500000000000D-01
           -0.43750000000000D+00 -0.43750000000000D+00  0.62500000000000D-01
           -0.31250000000000D+00 -0.43750000000000D+00  0.62500000000000D-01
           -0.18750000000000D+00 -0.43750000000000D+00  0.62500000000000D-01
           -0.62500000000000D-01 -0.43750000000000D+00  0.62500000000000D-01
            0.62500000000000D-01 -0.31250000000000D+00  0.62500000000000D-01
            0.18750000000000D+00 -0.31250000000000D+00  0.62500000000000D-01
            0.31250000000000D+00 -0.31250000000000D+00  0.62500000000000D-01
            0.43750000000000D+00 -0.31250000000000D+00  0.62500000000000D-01
           -0.43750000000000D+00 -0.31250000000000D+00  0.62500000000000D-01
           -0.31250000000000D+00 -0.31250000000000D+00  0.62500000000000D-01
           -0.18750000000000D+00 -0.31250000000000D+00  0.62500000000000D-01
           -0.62500000000000D-01 -0.31250000000000D+00  0.62500000000000D-01
            0.62500000000000D-01 -0.18750000000000D+00  0.62500000000000D-01
            0.18750000000000D+00 -0.18750000000000D+00  0.62500000000000D-01
            0.31250000000000D+00 -0.18750000000000D+00  0.62500000000000D-01
            0.43750000000000D+00 -0.18750000000000D+00  0.62500000000000D-01
           -0.43750000000000D+00 -0.18750000000000D+00  0.62500000000000D-01
           -0.31250000000000D+00 -0.18750000000000D+00  0.62500000000000D-01
           -0.18750000000000D+00 -0.18750000000000D+00  0.62500000000000D-01
           -0.62500000000000D-01 -0.18750000000000D+00  0.62500000000000D-01
            0.62500000000000D-01 -0.62500000000000D-01  0.62500000000000D-01
            0.18750000000000D+00 -0.62500000000000D-01  0.62500000000000D-01
            0.31250000000000D+00 -0.62500000000000D-01  0.62500000000000D-01
            0.43750000000000D+00 -0.62500000000000D-01  0.62500000000000D-01
           -0.43750000000000D+00 -0.62500000000000D-01  0.62500000000000D-01
           -0.31250000000000D+00 -0.62500000000000D-01  0.62500000000000D-01
           -0.18750000000000D+00 -0.62500000000000D-01  0.62500000000000D-01
           -0.62500000000000D-01 -0.62500000000000D-01  0.62500000000000D-01
            0.62500000000000D-01  0.62500000000000D-01  0.18750000000000D+00
            0.18750000000000D+00  0.62500000000000D-01  0.18750000000000D+00
            0.31250000000000D+00  0.62500000000000D-01  0.18750000000000D+00
            0.43750000000000D+00  0.62500000000000D-01  0.18750000000000D+00
           -0.43750000000000D+00  0.62500000000000D-01  0.18750000000000D+00
           -0.31250000000000D+00  0.62500000000000D-01  0.18750000000000D+00
           -0.18750000000000D+00  0.62500000000000D-01  0.18750000000000D+00
           -0.62500000000000D-01  0.62500000000000D-01  0.18750000000000D+00
            0.62500000000000D-01  0.18750000000000D+00  0.18750000000000D+00
            0.18750000000000D+00  0.18750000000000D+00  0.18750000000000D+00
            0.31250000000000D+00  0.18750000000000D+00  0.18750000000000D+00
            0.43750000000000D+00  0.18750000000000D+00  0.18750000000000D+00
           -0.43750000000000D+00  0.18750000000000D+00  0.18750000000000D+00
           -0.31250000000000D+00  0.18750000000000D+00  0.18750000000000D+00
           -0.18750000000000D+00  0.18750000000000D+00  0.18750000000000D+00
           -0.62500000000000D-01  0.18750000000000D+00  0.18750000000000D+00
            0.62500000000000D-01  0.31250000000000D+00  0.18750000000000D+00
            0.18750000000000D+00  0.31250000000000D+00  0.18750000000000D+00
            0.31250000000000D+00  0.31250000000000D+00  0.18750000000000D+00
            0.43750000000000D+00  0.31250000000000D+00  0.18750000000000D+00
           -0.43750000000000D+00  0.31250000000000D+00  0.18750000000000D+00
           -0.31250000000000D+00  0.31250000000000D+00  0.18750000000000D+00
           -0.18750000000000D+00  0.31250000000000D+00  0.18750000000000D+00
           -0.62500000000000D-01  0.31250000000000D+00  0.18750000000000D+00
            0.62500000000000D-01  0.43750000000000D+00  0.18750000000000D+00
            0.18750000000000D+00  0.43750000000000D+00  0.18750000000000D+00
            0.31250000000000D+00  0.43750000000000D+00  0.18750000000000D+00
            0.43750000000000D+00  0.43750000000000D+00  0.18750000000000D+00
           -0.43750000000000D+00  0.43750000000000D+00  0.18750000000000D+00
           -0.31250000000000D+00  0.43750000000000D+00  0.18750000000000D+00
           -0.18750000000000D+00  0.43750000000000D+00  0.18750000000000D+00
           -0.62500000000000D-01  0.43750000000000D+00  0.18750000000000D+00
            0.62500000000000D-01 -0.43750000000000D+00  0.18750000000000D+00
            0.18750000000000D+00 -0.43750000000000D+00  0.18750000000000D+00
            0.31250000000000D+00 -0.43750000000000D+00  0.18750000000000D+00
            0.43750000000000D+00 -0.43750000000000D+00  0.18750000000000D+00
           -0.43750000000000D+00 -0.43750000000000D+00  0.18750000000000D+00
           -0.31250000000000D+00 -0.43750000000000D+00  0.18750000000000D+00
           -0.18750000000000D+00 -0.43750000000000D+00  0.18750000000000D+00
           -0.62500000000000D-01 -0.43750000000000D+00  0.18750000000000D+00
            0.62500000000000D-01 -0.31250000000000D+00  0.18750000000000D+00
            0.18750000000000D+00 -0.31250000000000D+00  0.18750000000000D+00
            0.31250000000000D+00 -0.31250000000000D+00  0.18750000000000D+00
            0.43750000000000D+00 -0.31250000000000D+00  0.18750000000000D+00
           -0.43750000000000D+00 -0.31250000000000D+00  0.18750000000000D+00
           -0.31250000000000D+00 -0.31250000000000D+00  0.18750000000000D+00
           -0.18750000000000D+00 -0.31250000000000D+00  0.18750000000000D+00
           -0.62500000000000D-01 -0.31250000000000D+00  0.18750000000000D+00
            0.62500000000000D-01 -0.18750000000000D+00  0.18750000000000D+00
            0.18750000000000D+00 -0.18750000000000D+00  0.18750000000000D+00
            0.31250000000000D+00 -0.18750000000000D+00  0.18750000000000D+00
            0.43750000000000D+00 -0.18750000000000D+00  0.18750000000000D+00
           -0.43750000000000D+00 -0.18750000000000D+00  0.18750000000000D+00
           -0.31250000000000D+00 -0.18750000000000D+00  0.18750000000000D+00
           -0.18750000000000D+00 -0.18750000000000D+00  0.18750000000000D+00
           -0.62500000000000D-01 -0.18750000000000D+00  0.18750000000000D+00
            0.62500000000000D-01 -0.62500000000000D-01  0.18750000000000D+00
            0.18750000000000D+00 -0.62500000000000D-01  0.18750000000000D+00
            0.31250000000000D+00 -0.62500000000000D-01  0.18750000000000D+00
            0.43750000000000D+00 -0.62500000000000D-01  0.18750000000000D+00
           -0.43750000000000D+00 -0.62500000000000D-01  0.18750000000000D+00
           -0.31250000000000D+00 -0.62500000000000D-01  0.18750000000000D+00
           -0.18750000000000D+00 -0.62500000000000D-01  0.18750000000000D+00
           -0.62500000000000D-01 -0.62500000000000D-01  0.18750000000000D+00
            0.62500000000000D-01  0.62500000000000D-01  0.31250000000000D+00
            0.18750000000000D+00  0.62500000000000D-01  0.31250000000000D+00
            0.31250000000000D+00  0.62500000000000D-01  0.31250000000000D+00
            0.43750000000000D+00  0.62500000000000D-01  0.31250000000000D+00
           -0.43750000000000D+00  0.62500000000000D-01  0.31250000000000D+00
           -0.31250000000000D+00  0.62500000000000D-01  0.31250000000000D+00
           -0.18750000000000D+00  0.62500000000000D-01  0.31250000000000D+00
           -0.62500000000000D-01  0.62500000000000D-01  0.31250000000000D+00
            0.62500000000000D-01  0.18750000000000D+00  0.31250000000000D+00
            0.18750000000000D+00  0.18750000000000D+00  0.31250000000000D+00
            0.31250000000000D+00  0.18750000000000D+00  0.31250000000000D+00
            0.43750000000000D+00  0.18750000000000D+00  0.31250000000000D+00
           -0.43750000000000D+00  0.18750000000000D+00  0.31250000000000D+00
           -0.31250000000000D+00  0.18750000000000D+00  0.31250000000000D+00
           -0.18750000000000D+00  0.18750000000000D+00  0.31250000000000D+00
           -0.62500000000000D-01  0.18750000000000D+00  0.31250000000000D+00
            0.62500000000000D-01  0.31250000000000D+00  0.31250000000000D+00
            0.18750000000000D+00  0.31250000000000D+00  0.31250000000000D+00
            0.31250000000000D+00  0.31250000000000D+00  0.31250000000000D+00
            0.43750000000000D+00  0.31250000000000D+00  0.31250000000000D+00
           -0.43750000000000D+00  0.31250000000000D+00  0.31250000000000D+00
           -0.31250000000000D+00  0.31250000000000D+00  0.31250000000000D+00
           -0.18750000000000D+00  0.31250000000000D+00  0.31250000000000D+00
           -0.62500000000000D-01  0.31250000000000D+00  0.31250000000000D+00
            0.62500000000000D-01  0.43750000000000D+00  0.31250000000000D+00
            0.18750000000000D+00  0.43750000000000D+00  0.31250000000000D+00
            0.31250000000000D+00  0.43750000000000D+00  0.31250000000000D+00
            0.43750000000000D+00  0.43750000000000D+00  0.31250000000000D+00
           -0.43750000000000D+00  0.43750000000000D+00  0.31250000000000D+00
           -0.31250000000000D+00  0.43750000000000D+00  0.31250000000000D+00
           -0.18750000000000D+00  0.43750000000000D+00  0.31250000000000D+00
           -0.62500000000000D-01  0.43750000000000D+00  0.31250000000000D+00
            0.62500000000000D-01 -0.43750000000000D+00  0.31250000000000D+00
            0.18750000000000D+00 -0.43750000000000D+00  0.31250000000000D+00
            0.31250000000000D+00 -0.43750000000000D+00  0.31250000000000D+00
            0.43750000000000D+00 -0.43750000000000D+00  0.31250000000000D+00
           -0.43750000000000D+00 -0.43750000000000D+00  0.31250000000000D+00
           -0.31250000000000D+00 -0.43750000000000D+00  0.31250000000000D+00
           -0.18750000000000D+00 -0.43750000000000D+00  0.31250000000000D+00
           -0.62500000000000D-01 -0.43750000000000D+00  0.31250000000000D+00
            0.62500000000000D-01 -0.31250000000000D+00  0.31250000000000D+00
            0.18750000000000D+00 -0.31250000000000D+00  0.31250000000000D+00
            0.31250000000000D+00 -0.31250000000000D+00  0.31250000000000D+00
            0.43750000000000D+00 -0.31250000000000D+00  0.31250000000000D+00
           -0.43750000000000D+00 -0.31250000000000D+00  0.31250000000000D+00
           -0.31250000000000D+00 -0.31250000000000D+00  0.31250000000000D+00
           -0.18750000000000D+00 -0.31250000000000D+00  0.31250000000000D+00
           -0.62500000000000D-01 -0.31250000000000D+00  0.31250000000000D+00
            0.62500000000000D-01 -0.18750000000000D+00  0.31250000000000D+00
            0.18750000000000D+00 -0.18750000000000D+00  0.31250000000000D+00
            0.31250000000000D+00 -0.18750000000000D+00  0.31250000000000D+00
            0.43750000000000D+00 -0.18750000000000D+00  0.31250000000000D+00
           -0.43750000000000D+00 -0.18750000000000D+00  0.31250000000000D+00
           -0.31250000000000D+00 -0.18750000000000D+00  0.31250000000000D+00
           -0.18750000000000D+00 -0.18750000000000D+00  0.31250000000000D+00
           -0.62500000000000D-01 -0.18750000000000D+00  0.31250000000000D+00
            0.62500000000000D-01 -0.62500000000000D-01  0.31250000000000D+00
            0.18750000000000D+00 -0.62500000000000D-01  0.31250000000000D+00
            0.31250000000000D+00 -0.62500000000000D-01  0.31250000000000D+00
            0.43750000000000D+00 -0.62500000000000D-01  0.31250000000000D+00
           -0.43750000000000D+00 -0.62500000000000D-01  0.31250000000000D+00
           -0.31250000000000D+00 -0.62500000000000D-01  0.31250000000000D+00
           -0.18750000000000D+00 -0.62500000000000D-01  0.31250000000000D+00
           -0.62500000000000D-01 -0.62500000000000D-01  0.31250000000000D+00
            0.62500000000000D-01  0.62500000000000D-01  0.43750000000000D+00
            0.18750000000000D+00  0.62500000000000D-01  0.43750000000000D+00
            0.31250000000000D+00  0.62500000000000D-01  0.43750000000000D+00
            0.43750000000000D+00  0.62500000000000D-01  0.43750000000000D+00
           -0.43750000000000D+00  0.62500000000000D-01  0.43750000000000D+00
           -0.31250000000000D+00  0.62500000000000D-01  0.43750000000000D+00
           -0.18750000000000D+00  0.62500000000000D-01  0.43750000000000D+00
           -0.62500000000000D-01  0.62500000000000D-01  0.43750000000000D+00
            0.62500000000000D-01  0.18750000000000D+00  0.43750000000000D+00
            0.18750000000000D+00  0.18750000000000D+00  0.43750000000000D+00
            0.31250000000000D+00  0.18750000000000D+00  0.43750000000000D+00
            0.43750000000000D+00  0.18750000000000D+00  0.43750000000000D+00
           -0.43750000000000D+00  0.18750000000000D+00  0.43750000000000D+00
           -0.31250000000000D+00  0.18750000000000D+00  0.43750000000000D+00
           -0.18750000000000D+00  0.18750000000000D+00  0.43750000000000D+00
           -0.62500000000000D-01  0.18750000000000D+00  0.43750000000000D+00
            0.62500000000000D-01  0.31250000000000D+00  0.43750000000000D+00
            0.18750000000000D+00  0.31250000000000D+00  0.43750000000000D+00
            0.31250000000000D+00  0.31250000000000D+00  0.43750000000000D+00
            0.43750000000000D+00  0.31250000000000D+00  0.43750000000000D+00
           -0.43750000000000D+00  0.31250000000000D+00  0.43750000000000D+00
           -0.31250000000000D+00  0.31250000000000D+00  0.43750000000000D+00
           -0.18750000000000D+00  0.31250000000000D+00  0.43750000000000D+00
           -0.62500000000000D-01  0.31250000000000D+00  0.43750000000000D+00
            0.62500000000000D-01  0.43750000000000D+00  0.43750000000000D+00
            0.18750000000000D+00  0.43750000000000D+00  0.43750000000000D+00
            0.31250000000000D+00  0.43750000000000D+00  0.43750000000000D+00
            0.43750000000000D+00  0.43750000000000D+00  0.43750000000000D+00
           -0.43750000000000D+00  0.43750000000000D+00  0.43750000000000D+00
           -0.31250000000000D+00  0.43750000000000D+00  0.43750000000000D+00
           -0.18750000000000D+00  0.43750000000000D+00  0.43750000000000D+00
           -0.62500000000000D-01  0.43750000000000D+00  0.43750000000000D+00
            0.62500000000000D-01 -0.43750000000000D+00  0.43750000000000D+00
            0.18750000000000D+00 -0.43750000000000D+00  0.43750000000000D+00
            0.31250000000000D+00 -0.43750000000000D+00  0.43750000000000D+00
            0.43750000000000D+00 -0.43750000000000D+00  0.43750000000000D+00
           -0.43750000000000D+00 -0.43750000000000D+00  0.43750000000000D+00
           -0.31250000000000D+00 -0.43750000000000D+00  0.43750000000000D+00
           -0.18750000000000D+00 -0.43750000000000D+00  0.43750000000000D+00
           -0.62500000000000D-01 -0.43750000000000D+00  0.43750000000000D+00
            0.62500000000000D-01 -0.31250000000000D+00  0.43750000000000D+00
            0.18750000000000D+00 -0.31250000000000D+00  0.43750000000000D+00
            0.31250000000000D+00 -0.31250000000000D+00  0.43750000000000D+00
            0.43750000000000D+00 -0.31250000000000D+00  0.43750000000000D+00
           -0.43750000000000D+00 -0.31250000000000D+00  0.43750000000000D+00
           -0.31250000000000D+00 -0.31250000000000D+00  0.43750000000000D+00
           -0.18750000000000D+00 -0.31250000000000D+00  0.43750000000000D+00
           -0.62500000000000D-01 -0.31250000000000D+00  0.43750000000000D+00
            0.62500000000000D-01 -0.18750000000000D+00  0.43750000000000D+00
            0.18750000000000D+00 -0.18750000000000D+00  0.43750000000000D+00
            0.31250000000000D+00 -0.18750000000000D+00  0.43750000000000D+00
            0.43750000000000D+00 -0.18750000000000D+00  0.43750000000000D+00
           -0.43750000000000D+00 -0.18750000000000D+00  0.43750000000000D+00
           -0.31250000000000D+00 -0.18750000000000D+00  0.43750000000000D+00
           -0.18750000000000D+00 -0.18750000000000D+00  0.43750000000000D+00
           -0.62500000000000D-01 -0.18750000000000D+00  0.43750000000000D+00
            0.62500000000000D-01 -0.62500000000000D-01  0.43750000000000D+00
            0.18750000000000D+00 -0.62500000000000D-01  0.43750000000000D+00
            0.31250000000000D+00 -0.62500000000000D-01  0.43750000000000D+00
            0.43750000000000D+00 -0.62500000000000D-01  0.43750000000000D+00
           -0.43750000000000D+00 -0.62500000000000D-01  0.43750000000000D+00
           -0.31250000000000D+00 -0.62500000000000D-01  0.43750000000000D+00
           -0.18750000000000D+00 -0.62500000000000D-01  0.43750000000000D+00
           -0.62500000000000D-01 -0.62500000000000D-01  0.43750000000000D+00
            0.62500000000000D-01  0.62500000000000D-01 -0.43750000000000D+00
            0.18750000000000D+00  0.62500000000000D-01 -0.43750000000000D+00
            0.31250000000000D+00  0.62500000000000D-01 -0.43750000000000D+00
            0.43750000000000D+00  0.62500000000000D-01 -0.43750000000000D+00
           -0.43750000000000D+00  0.62500000000000D-01 -0.43750000000000D+00
           -0.31250000000000D+00  0.62500000000000D-01 -0.43750000000000D+00
           -0.18750000000000D+00  0.62500000000000D-01 -0.43750000000000D+00
           -0.62500000000000D-01  0.62500000000000D-01 -0.43750000000000D+00
            0.62500000000000D-01  0.18750000000000D+00 -0.43750000000000D+00
            0.18750000000000D+00  0.18750000000000D+00 -0.43750000000000D+00
            0.31250000000000D+00  0.18750000000000D+00 -0.43750000000000D+00
            0.43750000000000D+00  0.18750000000000D+00 -0.43750000000000D+00
           -0.43750000000000D+00  0.18750000000000D+00 -0.43750000000000D+00
           -0.31250000000000D+00  0.18750000000000D+00 -0.43750000000000D+00
           -0.18750000000000D+00  0.18750000000000D+00 -0.43750000000000D+00
           -0.62500000000000D-01  0.18750000000000D+00 -0.43750000000000D+00
            0.62500000000000D-01  0.31250000000000D+00 -0.43750000000000D+00
            0.18750000000000D+00  0.31250000000000D+00 -0.43750000000000D+00
            0.31250000000000D+00  0.31250000000000D+00 -0.43750000000000D+00
            0.43750000000000D+00  0.31250000000000D+00 -0.43750000000000D+00
           -0.43750000000000D+00  0.31250000000000D+00 -0.43750000000000D+00
           -0.31250000000000D+00  0.31250000000000D+00 -0.43750000000000D+00
           -0.18750000000000D+00  0.31250000000000D+00 -0.43750000000000D+00
           -0.62500000000000D-01  0.31250000000000D+00 -0.43750000000000D+00
            0.62500000000000D-01  0.43750000000000D+00 -0.43750000000000D+00
            0.18750000000000D+00  0.43750000000000D+00 -0.43750000000000D+00
            0.31250000000000D+00  0.43750000000000D+00 -0.43750000000000D+00
            0.43750000000000D+00  0.43750000000000D+00 -0.43750000000000D+00
           -0.43750000000000D+00  0.43750000000000D+00 -0.43750000000000D+00
           -0.31250000000000D+00  0.43750000000000D+00 -0.43750000000000D+00
           -0.18750000000000D+00  0.43750000000000D+00 -0.43750000000000D+00
           -0.62500000000000D-01  0.43750000000000D+00 -0.43750000000000D+00
            0.62500000000000D-01 -0.43750000000000D+00 -0.43750000000000D+00
            0.18750000000000D+00 -0.43750000000000D+00 -0.43750000000000D+00
            0.31250000000000D+00 -0.43750000000000D+00 -0.43750000000000D+00
            0.43750000000000D+00 -0.43750000000000D+00 -0.43750000000000D+00
           -0.43750000000000D+00 -0.43750000000000D+00 -0.43750000000000D+00
           -0.31250000000000D+00 -0.43750000000000D+00 -0.43750000000000D+00
           -0.18750000000000D+00 -0.43750000000000D+00 -0.43750000000000D+00
           -0.62500000000000D-01 -0.43750000000000D+00 -0.43750000000000D+00
            0.62500000000000D-01 -0.31250000000000D+00 -0.43750000000000D+00
            0.18750000000000D+00 -0.31250000000000D+00 -0.43750000000000D+00
            0.31250000000000D+00 -0.31250000000000D+00 -0.43750000000000D+00
            0.43750000000000D+00 -0.31250000000000D+00 -0.43750000000000D+00
           -0.43750000000000D+00 -0.31250000000000D+00 -0.43750000000000D+00
           -0.31250000000000D+00 -0.31250000000000D+00 -0.43750000000000D+00
           -0.18750000000000D+00 -0.31250000000000D+00 -0.43750000000000D+00
           -0.62500000000000D-01 -0.31250000000000D+00 -0.43750000000000D+00
            0.62500000000000D-01 -0.18750000000000D+00 -0.43750000000000D+00
            0.18750000000000D+00 -0.18750000000000D+00 -0.43750000000000D+00
            0.31250000000000D+00 -0.18750000000000D+00 -0.43750000000000D+00
            0.43750000000000D+00 -0.18750000000000D+00 -0.43750000000000D+00
           -0.43750000000000D+00 -0.18750000000000D+00 -0.43750000000000D+00
           -0.31250000000000D+00 -0.18750000000000D+00 -0.43750000000000D+00
           -0.18750000000000D+00 -0.18750000000000D+00 -0.43750000000000D+00
           -0.62500000000000D-01 -0.18750000000000D+00 -0.43750000000000D+00
            0.62500000000000D-01 -0.62500000000000D-01 -0.43750000000000D+00
            0.18750000000000D+00 -0.62500000000000D-01 -0.43750000000000D+00
            0.31250000000000D+00 -0.62500000000000D-01 -0.43750000000000D+00
            0.43750000000000D+00 -0.62500000000000D-01 -0.43750000000000D+00
           -0.43750000000000D+00 -0.62500000000000D-01 -0.43750000000000D+00
           -0.31250000000000D+00 -0.62500000000000D-01 -0.43750000000000D+00
           -0.18750000000000D+00 -0.62500000000000D-01 -0.43750000000000D+00
           -0.62500000000000D-01 -0.62500000000000D-01 -0.43750000000000D+00
            0.62500000000000D-01  0.62500000000000D-01 -0.31250000000000D+00
            0.18750000000000D+00  0.62500000000000D-01 -0.31250000000000D+00
            0.31250000000000D+00  0.62500000000000D-01 -0.31250000000000D+00
            0.43750000000000D+00  0.62500000000000D-01 -0.31250000000000D+00
           -0.43750000000000D+00  0.62500000000000D-01 -0.31250000000000D+00
           -0.31250000000000D+00  0.62500000000000D-01 -0.31250000000000D+00
           -0.18750000000000D+00  0.62500000000000D-01 -0.31250000000000D+00
           -0.62500000000000D-01  0.62500000000000D-01 -0.31250000000000D+00
            0.62500000000000D-01  0.18750000000000D+00 -0.31250000000000D+00
            0.18750000000000D+00  0.18750000000000D+00 -0.31250000000000D+00
            0.31250000000000D+00  0.18750000000000D+00 -0.31250000000000D+00
            0.43750000000000D+00  0.18750000000000D+00 -0.31250000000000D+00
           -0.43750000000000D+00  0.18750000000000D+00 -0.31250000000000D+00
           -0.31250000000000D+00  0.18750000000000D+00 -0.31250000000000D+00
           -0.18750000000000D+00  0.18750000000000D+00 -0.31250000000000D+00
           -0.62500000000000D-01  0.18750000000000D+00 -0.31250000000000D+00
            0.62500000000000D-01  0.31250000000000D+00 -0.31250000000000D+00
            0.18750000000000D+00  0.31250000000000D+00 -0.31250000000000D+00
            0.31250000000000D+00  0.31250000000000D+00 -0.31250000000000D+00
            0.43750000000000D+00  0.31250000000000D+00 -0.31250000000000D+00
           -0.43750000000000D+00  0.31250000000000D+00 -0.31250000000000D+00
           -0.31250000000000D+00  0.31250000000000D+00 -0.31250000000000D+00
           -0.18750000000000D+00  0.31250000000000D+00 -0.31250000000000D+00
           -0.62500000000000D-01  0.31250000000000D+00 -0.31250000000000D+00
            0.62500000000000D-01  0.43750000000000D+00 -0.31250000000000D+00
            0.18750000000000D+00  0.43750000000000D+00 -0.31250000000000D+00
            0.31250000000000D+00  0.43750000000000D+00 -0.31250000000000D+00
            0.43750000000000D+00  0.43750000000000D+00 -0.31250000000000D+00
           -0.43750000000000D+00  0.43750000000000D+00 -0.31250000000000D+00
           -0.31250000000000D+00  0.43750000000000D+00 -0.31250000000000D+00
           -0.18750000000000D+00  0.43750000000000D+00 -0.31250000000000D+00
           -0.62500000000000D-01  0.43750000000000D+00 -0.31250000000000D+00
            0.62500000000000D-01 -0.43750000000000D+00 -0.31250000000000D+00
            0.18750000000000D+00 -0.43750000000000D+00 -0.31250000000000D+00
            0.31250000000000D+00 -0.43750000000000D+00 -0.31250000000000D+00
            0.43750000000000D+00 -0.43750000000000D+00 -0.31250000000000D+00
           -0.43750000000000D+00 -0.43750000000000D+00 -0.31250000000000D+00
           -0.31250000000000D+00 -0.43750000000000D+00 -0.31250000000000D+00
           -0.18750000000000D+00 -0.43750000000000D+00 -0.31250000000000D+00
           -0.62500000000000D-01 -0.43750000000000D+00 -0.31250000000000D+00
            0.62500000000000D-01 -0.31250000000000D+00 -0.31250000000000D+00
            0.18750000000000D+00 -0.31250000000000D+00 -0.31250000000000D+00
            0.31250000000000D+00 -0.31250000000000D+00 -0.31250000000000D+00
            0.43750000000000D+00 -0.31250000000000D+00 -0.31250000000000D+00
           -0.43750000000000D+00 -0.31250000000000D+00 -0.31250000000000D+00
           -0.31250000000000D+00 -0.31250000000000D+00 -0.31250000000000D+00
           -0.18750000000000D+00 -0.31250000000000D+00 -0.31250000000000D+00
           -0.62500000000000D-01 -0.31250000000000D+00 -0.31250000000000D+00
            0.62500000000000D-01 -0.18750000000000D+00 -0.31250000000000D+00
            0.18750000000000D+00 -0.18750000000000D+00 -0.31250000000000D+00
            0.31250000000000D+00 -0.18750000000000D+00 -0.31250000000000D+00
            0.43750000000000D+00 -0.18750000000000D+00 -0.31250000000000D+00
           -0.43750000000000D+00 -0.18750000000000D+00 -0.31250000000000D+00
           -0.31250000000000D+00 -0.18750000000000D+00 -0.31250000000000D+00
           -0.18750000000000D+00 -0.18750000000000D+00 -0.31250000000000D+00
           -0.62500000000000D-01 -0.18750000000000D+00 -0.31250000000000D+00
            0.62500000000000D-01 -0.62500000000000D-01 -0.31250000000000D+00
            0.18750000000000D+00 -0.62500000000000D-01 -0.31250000000000D+00
            0.31250000000000D+00 -0.62500000000000D-01 -0.31250000000000D+00
            0.43750000000000D+00 -0.62500000000000D-01 -0.31250000000000D+00
           -0.43750000000000D+00 -0.62500000000000D-01 -0.31250000000000D+00
           -0.31250000000000D+00 -0.62500000000000D-01 -0.31250000000000D+00
           -0.18750000000000D+00 -0.62500000000000D-01 -0.31250000000000D+00
           -0.62500000000000D-01 -0.62500000000000D-01 -0.31250000000000D+00
            0.62500000000000D-01  0.62500000000000D-01 -0.18750000000000D+00
            0.18750000000000D+00  0.62500000000000D-01 -0.18750000000000D+00
            0.31250000000000D+00  0.62500000000000D-01 -0.18750000000000D+00
            0.43750000000000D+00  0.62500000000000D-01 -0.18750000000000D+00
           -0.43750000000000D+00  0.62500000000000D-01 -0.18750000000000D+00
           -0.31250000000000D+00  0.62500000000000D-01 -0.18750000000000D+00
           -0.18750000000000D+00  0.62500000000000D-01 -0.18750000000000D+00
           -0.62500000000000D-01  0.62500000000000D-01 -0.18750000000000D+00
            0.62500000000000D-01  0.18750000000000D+00 -0.18750000000000D+00
            0.18750000000000D+00  0.18750000000000D+00 -0.18750000000000D+00
            0.31250000000000D+00  0.18750000000000D+00 -0.18750000000000D+00
            0.43750000000000D+00  0.18750000000000D+00 -0.18750000000000D+00
           -0.43750000000000D+00  0.18750000000000D+00 -0.18750000000000D+00
           -0.31250000000000D+00  0.18750000000000D+00 -0.18750000000000D+00
           -0.18750000000000D+00  0.18750000000000D+00 -0.18750000000000D+00
           -0.62500000000000D-01  0.18750000000000D+00 -0.18750000000000D+00
            0.62500000000000D-01  0.31250000000000D+00 -0.18750000000000D+00
            0.18750000000000D+00  0.31250000000000D+00 -0.18750000000000D+00
            0.31250000000000D+00  0.31250000000000D+00 -0.18750000000000D+00
            0.43750000000000D+00  0.31250000000000D+00 -0.18750000000000D+00
           -0.43750000000000D+00  0.31250000000000D+00 -0.18750000000000D+00
           -0.31250000000000D+00  0.31250000000000D+00 -0.18750000000000D+00
           -0.18750000000000D+00  0.31250000000000D+00 -0.18750000000000D+00
           -0.62500000000000D-01  0.31250000000000D+00 -0.18750000000000D+00
            0.62500000000000D-01  0.43750000000000D+00 -0.18750000000000D+00
            0.18750000000000D+00  0.43750000000000D+00 -0.18750000000000D+00
            0.31250000000000D+00  0.43750000000000D+00 -0.18750000000000D+00
            0.43750000000000D+00  0.43750000000000D+00 -0.18750000000000D+00
           -0.43750000000000D+00  0.43750000000000D+00 -0.18750000000000D+00
           -0.31250000000000D+00  0.43750000000000D+00 -0.18750000000000D+00
           -0.18750000000000D+00  0.43750000000000D+00 -0.18750000000000D+00
           -0.62500000000000D-01  0.43750000000000D+00 -0.18750000000000D+00
            0.62500000000000D-01 -0.43750000000000D+00 -0.18750000000000D+00
            0.18750000000000D+00 -0.43750000000000D+00 -0.18750000000000D+00
            0.31250000000000D+00 -0.43750000000000D+00 -0.18750000000000D+00
            0.43750000000000D+00 -0.43750000000000D+00 -0.18750000000000D+00
           -0.43750000000000D+00 -0.43750000000000D+00 -0.18750000000000D+00
           -0.31250000000000D+00 -0.43750000000000D+00 -0.18750000000000D+00
           -0.18750000000000D+00 -0.43750000000000D+00 -0.18750000000000D+00
           -0.62500000000000D-01 -0.43750000000000D+00 -0.18750000000000D+00
            0.62500000000000D-01 -0.31250000000000D+00 -0.18750000000000D+00
            0.18750000000000D+00 -0.31250000000000D+00 -0.18750000000000D+00
            0.31250000000000D+00 -0.31250000000000D+00 -0.18750000000000D+00
            0.43750000000000D+00 -0.31250000000000D+00 -0.18750000000000D+00
           -0.43750000000000D+00 -0.31250000000000D+00 -0.18750000000000D+00
           -0.31250000000000D+00 -0.31250000000000D+00 -0.18750000000000D+00
           -0.18750000000000D+00 -0.31250000000000D+00 -0.18750000000000D+00
           -0.62500000000000D-01 -0.31250000000000D+00 -0.18750000000000D+00
            0.62500000000000D-01 -0.18750000000000D+00 -0.18750000000000D+00
            0.18750000000000D+00 -0.18750000000000D+00 -0.18750000000000D+00
            0.31250000000000D+00 -0.18750000000000D+00 -0.18750000000000D+00
            0.43750000000000D+00 -0.18750000000000D+00 -0.18750000000000D+00
           -0.43750000000000D+00 -0.18750000000000D+00 -0.18750000000000D+00
           -0.31250000000000D+00 -0.18750000000000D+00 -0.18750000000000D+00
           -0.18750000000000D+00 -0.18750000000000D+00 -0.18750000000000D+00
           -0.62500000000000D-01 -0.18750000000000D+00 -0.18750000000000D+00
            0.62500000000000D-01 -0.62500000000000D-01 -0.18750000000000D+00
            0.18750000000000D+00 -0.62500000000000D-01 -0.18750000000000D+00
            0.31250000000000D+00 -0.62500000000000D-01 -0.18750000000000D+00
            0.43750000000000D+00 -0.62500000000000D-01 -0.18750000000000D+00
           -0.43750000000000D+00 -0.62500000000000D-01 -0.18750000000000D+00
           -0.31250000000000D+00 -0.62500000000000D-01 -0.18750000000000D+00
           -0.18750000000000D+00 -0.62500000000000D-01 -0.18750000000000D+00
           -0.62500000000000D-01 -0.62500000000000D-01 -0.18750000000000D+00
            0.62500000000000D-01  0.62500000000000D-01 -0.62500000000000D-01
            0.18750000000000D+00  0.62500000000000D-01 -0.62500000000000D-01
            0.31250000000000D+00  0.62500000000000D-01 -0.62500000000000D-01
            0.43750000000000D+00  0.62500000000000D-01 -0.62500000000000D-01
           -0.43750000000000D+00  0.62500000000000D-01 -0.62500000000000D-01
           -0.31250000000000D+00  0.62500000000000D-01 -0.62500000000000D-01
           -0.18750000000000D+00  0.62500000000000D-01 -0.62500000000000D-01
           -0.62500000000000D-01  0.62500000000000D-01 -0.62500000000000D-01
            0.62500000000000D-01  0.18750000000000D+00 -0.62500000000000D-01
            0.18750000000000D+00  0.18750000000000D+00 -0.62500000000000D-01
            0.31250000000000D+00  0.18750000000000D+00 -0.62500000000000D-01
            0.43750000000000D+00  0.18750000000000D+00 -0.62500000000000D-01
           -0.43750000000000D+00  0.18750000000000D+00 -0.62500000000000D-01
           -0.31250000000000D+00  0.18750000000000D+00 -0.62500000000000D-01
           -0.18750000000000D+00  0.18750000000000D+00 -0.62500000000000D-01
           -0.62500000000000D-01  0.18750000000000D+00 -0.62500000000000D-01
            0.62500000000000D-01  0.31250000000000D+00 -0.62500000000000D-01
            0.18750000000000D+00  0.31250000000000D+00 -0.62500000000000D-01
            0.31250000000000D+00  0.31250000000000D+00 -0.62500000000000D-01
            0.43750000000000D+00  0.31250000000000D+00 -0.62500000000000D-01
           -0.43750000000000D+00  0.31250000000000D+00 -0.62500000000000D-01
           -0.31250000000000D+00  0.31250000000000D+00 -0.62500000000000D-01
           -0.18750000000000D+00  0.31250000000000D+00 -0.62500000000000D-01
           -0.62500000000000D-01  0.31250000000000D+00 -0.62500000000000D-01
            0.62500000000000D-01  0.43750000000000D+00 -0.62500000000000D-01
            0.18750000000000D+00  0.43750000000000D+00 -0.62500000000000D-01
            0.31250000000000D+00  0.43750000000000D+00 -0.62500000000000D-01
            0.43750000000000D+00  0.43750000000000D+00 -0.62500000000000D-01
           -0.43750000000000D+00  0.43750000000000D+00 -0.62500000000000D-01
           -0.31250000000000D+00  0.43750000000000D+00 -0.62500000000000D-01
           -0.18750000000000D+00  0.43750000000000D+00 -0.62500000000000D-01
           -0.62500000000000D-01  0.43750000000000D+00 -0.62500000000000D-01
            0.62500000000000D-01 -0.43750000000000D+00 -0.62500000000000D-01
            0.18750000000000D+00 -0.43750000000000D+00 -0.62500000000000D-01
            0.31250000000000D+00 -0.43750000000000D+00 -0.62500000000000D-01
            0.43750000000000D+00 -0.43750000000000D+00 -0.62500000000000D-01
           -0.43750000000000D+00 -0.43750000000000D+00 -0.62500000000000D-01
           -0.31250000000000D+00 -0.43750000000000D+00 -0.62500000000000D-01
           -0.18750000000000D+00 -0.43750000000000D+00 -0.62500000000000D-01
           -0.62500000000000D-01 -0.43750000000000D+00 -0.62500000000000D-01
            0.62500000000000D-01 -0.31250000000000D+00 -0.62500000000000D-01
            0.18750000000000D+00 -0.31250000000000D+00 -0.62500000000000D-01
            0.31250000000000D+00 -0.31250000000000D+00 -0.62500000000000D-01
            0.43750000000000D+00 -0.31250000000000D+00 -0.62500000000000D-01
           -0.43750000000000D+00 -0.31250000000000D+00 -0.62500000000000D-01
           -0.31250000000000D+00 -0.31250000000000D+00 -0.62500000000000D-01
           -0.18750000000000D+00 -0.31250000000000D+00 -0.62500000000000D-01
           -0.62500000000000D-01 -0.31250000000000D+00 -0.62500000000000D-01
            0.62500000000000D-01 -0.18750000000000D+00 -0.62500000000000D-01
            0.18750000000000D+00 -0.18750000000000D+00 -0.62500000000000D-01
            0.31250000000000D+00 -0.18750000000000D+00 -0.62500000000000D-01
            0.43750000000000D+00 -0.18750000000000D+00 -0.62500000000000D-01
           -0.43750000000000D+00 -0.18750000000000D+00 -0.62500000000000D-01
           -0.31250000000000D+00 -0.18750000000000D+00 -0.62500000000000D-01
           -0.18750000000000D+00 -0.18750000000000D+00 -0.62500000000000D-01
           -0.62500000000000D-01 -0.18750000000000D+00 -0.62500000000000D-01
            0.62500000000000D-01 -0.62500000000000D-01 -0.62500000000000D-01
            0.18750000000000D+00 -0.62500000000000D-01 -0.62500000000000D-01
            0.31250000000000D+00 -0.62500000000000D-01 -0.62500000000000D-01
            0.43750000000000D+00 -0.62500000000000D-01 -0.62500000000000D-01
           -0.43750000000000D+00 -0.62500000000000D-01 -0.62500000000000D-01
           -0.31250000000000D+00 -0.62500000000000D-01 -0.62500000000000D-01
           -0.18750000000000D+00 -0.62500000000000D-01 -0.62500000000000D-01
           -0.62500000000000D-01 -0.62500000000000D-01 -0.62500000000000D-01
    kptnrm  0.10000000000000D+01
     ngfft        45   45   45
    nspden         1
   nspinor         1
       occ  0.20000000000000D+01  0.20000000000000D+01  0.20000000000000D+01
            0.20000000000000D+01  0.20000000000000D+01  0.20000000000000D+01
            0.20000000000000D+01  0.20000000000000D+01  0.20000000000000D+01
            0.20000000000000D+01  0.20000000000000D+01  0.20000000000000D+01
            0.20000000000000D+01  0.20000000000000D+01  0.20000000000000D+01
            0.20000000000000D+01  0.20000000000000D+01  0.20000000000000D+01
            0.20000000000000D+01  0.20000000000000D+01  0.20000000000000D+01
            0.20000000000000D+01
     rprim  0.10000000000000D+01  0.00000000000000D+00  0.00000000000000D+00
            0.00000000000000D+00  0.10000000000000D+01  0.00000000000000D+00
            0.00000000000000D+00  0.00000000000000D+00  0.10000000000000D+01
     sciss  0.00000000000000D+00
    spinat  0.00000000000000D+00  0.00000000000000D+00  0.00000000000000D+00
            0.00000000000000D+00  0.00000000000000D+00  0.00000000000000D+00
            0.00000000000000D+00  0.00000000000000D+00  0.00000000000000D+00
            0.00000000000000D+00  0.00000000000000D+00  0.00000000000000D+00
            0.00000000000000D+00  0.00000000000000D+00  0.00000000000000D+00
    symafm         1    1    1    1    1    1    1    1    1    1    1    1
                   1    1    1    1    1    1    1    1    1    1    1    1
                   1    1    1    1    1    1    1    1    1    1    1    1
                   1    1    1    1    1    1    1    1    1    1    1    1
    symrel         1    0    0    0    1    0    0    0    1
                  -1    0    0    0   -1    0    0    0   -1
                  -1    0    0    0    1    0    0    0   -1
                   1    0    0    0   -1    0    0    0    1
                  -1    0    0    0   -1    0    0    0    1
                   1    0    0    0    1    0    0    0   -1
                   1    0    0    0   -1    0    0    0   -1
                  -1    0    0    0    1    0    0    0    1
                   0    1    0    1    0    0    0    0    1
                   0   -1    0   -1    0    0    0    0   -1
                   0   -1    0    1    0    0    0    0   -1
                   0    1    0   -1    0    0    0    0    1
                   0   -1    0   -1    0    0    0    0    1
                   0    1    0    1    0    0    0    0   -1
                   0    1    0   -1    0    0    0    0   -1
                   0   -1    0    1    0    0    0    0    1
                   0    0    1    1    0    0    0    1    0
                   0    0   -1   -1    0    0    0   -1    0
                   0    0   -1    1    0    0    0   -1    0
                   0    0    1   -1    0    0    0    1    0
                   0    0   -1   -1    0    0    0    1    0
                   0    0    1    1    0    0    0   -1    0
                   0    0    1   -1    0    0    0   -1    0
                   0    0   -1    1    0    0    0    1    0
                   1    0    0    0    0    1    0    1    0
                  -1    0    0    0    0   -1    0   -1    0
                  -1    0    0    0    0    1    0   -1    0
                   1    0    0    0    0   -1    0    1    0
                  -1    0    0    0    0   -1    0    1    0
                   1    0    0    0    0    1    0   -1    0
                   1    0    0    0    0   -1    0   -1    0
                  -1    0    0    0    0    1    0    1    0
                   0    1    0    0    0    1    1    0    0
                   0   -1    0    0    0   -1   -1    0    0
                   0   -1    0    0    0    1   -1    0    0
                   0    1    0    0    0   -1    1    0    0
                   0   -1    0    0    0   -1    1    0    0
                   0    1    0    0    0    1   -1    0    0
                   0    1    0    0    0   -1   -1    0    0
                   0   -1    0    0    0    1    1    0    0
                   0    0    1    0    1    0    1    0    0
                   0    0   -1    0   -1    0   -1    0    0
                   0    0   -1    0    1    0   -1    0    0
                   0    0    1    0   -1    0    1    0    0
                   0    0   -1    0   -1    0    1    0    0
                   0    0    1    0    1    0   -1    0    0
                   0    0    1    0   -1    0   -1    0    0
                   0    0   -1    0    1    0    1    0    0
     tnons  0.00000000000000D+00  0.00000000000000D+00  0.00000000000000D+00
            0.00000000000000D+00  0.00000000000000D+00  0.00000000000000D+00
            0.00000000000000D+00  0.00000000000000D+00  0.00000000000000D+00
            0.00000000000000D+00  0.00000000000000D+00  0.00000000000000D+00
            0.00000000000000D+00  0.00000000000000D+00  0.00000000000000D+00
            0.00000000000000D+00  0.00000000000000D+00  0.00000000000000D+00
            0.00000000000000D+00  0.00000000000000D+00  0.00000000000000D+00
            0.00000000000000D+00  0.00000000000000D+00  0.00000000000000D+00
            0.00000000000000D+00  0.00000000000000D+00  0.00000000000000D+00
            0.00000000000000D+00  0.00000000000000D+00  0.00000000000000D+00
            0.00000000000000D+00  0.00000000000000D+00  0.00000000000000D+00
            0.00000000000000D+00  0.00000000000000D+00  0.00000000000000D+00
            0.00000000000000D+00  0.00000000000000D+00  0.00000000000000D+00
            0.00000000000000D+00  0.00000000000000D+00  0.00000000000000D+00
            0.00000000000000D+00  0.00000000000000D+00  0.00000000000000D+00
            0.00000000000000D+00  0.00000000000000D+00  0.00000000000000D+00
            0.00000000000000D+00  0.00000000000000D+00  0.00000000000000D+00
            0.00000000000000D+00  0.00000000000000D+00  0.00000000000000D+00
            0.00000000000000D+00  0.00000000000000D+00  0.00000000000000D+00
            0.00000000000000D+00  0.00000000000000D+00  0.00000000000000D+00
            0.00000000000000D+00  0.00000000000000D+00  0.00000000000000D+00
            0.00000000000000D+00  0.00000000000000D+00  0.00000000000000D+00
            0.00000000000000D+00  0.00000000000000D+00  0.00000000000000D+00
            0.00000000000000D+00  0.00000000000000D+00  0.00000000000000D+00
            0.00000000000000D+00  0.00000000000000D+00  0.00000000000000D+00
            0.00000000000000D+00  0.00000000000000D+00  0.00000000000000D+00
            0.00000000000000D+00  0.00000000000000D+00  0.00000000000000D+00
            0.00000000000000D+00  0.00000000000000D+00  0.00000000000000D+00
            0.00000000000000D+00  0.00000000000000D+00  0.00000000000000D+00
            0.00000000000000D+00  0.00000000000000D+00  0.00000000000000D+00
            0.00000000000000D+00  0.00000000000000D+00  0.00000000000000D+00
            0.00000000000000D+00  0.00000000000000D+00  0.00000000000000D+00
            0.00000000000000D+00  0.00000000000000D+00  0.00000000000000D+00
            0.00000000000000D+00  0.00000000000000D+00  0.00000000000000D+00
            0.00000000000000D+00  0.00000000000000D+00  0.00000000000000D+00
            0.00000000000000D+00  0.00000000000000D+00  0.00000000000000D+00
            0.00000000000000D+00  0.00000000000000D+00  0.00000000000000D+00
            0.00000000000000D+00  0.00000000000000D+00  0.00000000000000D+00
            0.00000000000000D+00  0.00000000000000D+00  0.00000000000000D+00
            0.00000000000000D+00  0.00000000000000D+00  0.00000000000000D+00
            0.00000000000000D+00  0.00000000000000D+00  0.00000000000000D+00
            0.00000000000000D+00  0.00000000000000D+00  0.00000000000000D+00
            0.00000000000000D+00  0.00000000000000D+00  0.00000000000000D+00
            0.00000000000000D+00  0.00000000000000D+00  0.00000000000000D+00
            0.00000000000000D+00  0.00000000000000D+00  0.00000000000000D+00
            0.00000000000000D+00  0.00000000000000D+00  0.00000000000000D+00
            0.00000000000000D+00  0.00000000000000D+00  0.00000000000000D+00
            0.00000000000000D+00  0.00000000000000D+00  0.00000000000000D+00
    tolwfr  0.10000000000000D+01
   tphysel  0.00000000000000D+00
    tsmear  0.40000000000000D-01
     typat         1    2    3    3    3
       wtk  0.19531250000000D-02  0.19531250000000D-02  0.19531250000000D-02
            0.19531250000000D-02  0.19531250000000D-02  0.19531250000000D-02
            0.19531250000000D-02  0.19531250000000D-02  0.19531250000000D-02
            0.19531250000000D-02  0.19531250000000D-02  0.19531250000000D-02
            0.19531250000000D-02  0.19531250000000D-02  0.19531250000000D-02
            0.19531250000000D-02  0.19531250000000D-02  0.19531250000000D-02
            0.19531250000000D-02  0.19531250000000D-02  0.19531250000000D-02
            0.19531250000000D-02  0.19531250000000D-02  0.19531250000000D-02
            0.19531250000000D-02  0.19531250000000D-02  0.19531250000000D-02
            0.19531250000000D-02  0.19531250000000D-02  0.19531250000000D-02
            0.19531250000000D-02  0.19531250000000D-02  0.19531250000000D-02
            0.19531250000000D-02  0.19531250000000D-02  0.19531250000000D-02
            0.19531250000000D-02  0.19531250000000D-02  0.19531250000000D-02
            0.19531250000000D-02  0.19531250000000D-02  0.19531250000000D-02
            0.19531250000000D-02  0.19531250000000D-02  0.19531250000000D-02
            0.19531250000000D-02  0.19531250000000D-02  0.19531250000000D-02
            0.19531250000000D-02  0.19531250000000D-02  0.19531250000000D-02
            0.19531250000000D-02  0.19531250000000D-02  0.19531250000000D-02
            0.19531250000000D-02  0.19531250000000D-02  0.19531250000000D-02
            0.19531250000000D-02  0.19531250000000D-02  0.19531250000000D-02
            0.19531250000000D-02  0.19531250000000D-02  0.19531250000000D-02
            0.19531250000000D-02  0.19531250000000D-02  0.19531250000000D-02
            0.19531250000000D-02  0.19531250000000D-02  0.19531250000000D-02
            0.19531250000000D-02  0.19531250000000D-02  0.19531250000000D-02
            0.19531250000000D-02  0.19531250000000D-02  0.19531250000000D-02
            0.19531250000000D-02  0.19531250000000D-02  0.19531250000000D-02
            0.19531250000000D-02  0.19531250000000D-02  0.19531250000000D-02
            0.19531250000000D-02  0.19531250000000D-02  0.19531250000000D-02
            0.19531250000000D-02  0.19531250000000D-02  0.19531250000000D-02
            0.19531250000000D-02  0.19531250000000D-02  0.19531250000000D-02
            0.19531250000000D-02  0.19531250000000D-02  0.19531250000000D-02
            0.19531250000000D-02  0.19531250000000D-02  0.19531250000000D-02
            0.19531250000000D-02  0.19531250000000D-02  0.19531250000000D-02
            0.19531250000000D-02  0.19531250000000D-02  0.19531250000000D-02
            0.19531250000000D-02  0.19531250000000D-02  0.19531250000000D-02
            0.19531250000000D-02  0.19531250000000D-02  0.19531250000000D-02
            0.19531250000000D-02  0.19531250000000D-02  0.19531250000000D-02
            0.19531250000000D-02  0.19531250000000D-02  0.19531250000000D-02
            0.19531250000000D-02  0.19531250000000D-02  0.19531250000000D-02
            0.19531250000000D-02  0.19531250000000D-02  0.19531250000000D-02
            0.19531250000000D-02  0.19531250000000D-02  0.19531250000000D-02
            0.19531250000000D-02  0.19531250000000D-02  0.19531250000000D-02
            0.19531250000000D-02  0.19531250000000D-02  0.19531250000000D-02
            0.19531250000000D-02  0.19531250000000D-02  0.19531250000000D-02
            0.19531250000000D-02  0.19531250000000D-02  0.19531250000000D-02
            0.19531250000000D-02  0.19531250000000D-02  0.19531250000000D-02
            0.19531250000000D-02  0.19531250000000D-02  0.19531250000000D-02
            0.19531250000000D-02  0.19531250000000D-02  0.19531250000000D-02
            0.19531250000000D-02  0.19531250000000D-02  0.19531250000000D-02
            0.19531250000000D-02  0.19531250000000D-02  0.19531250000000D-02
            0.19531250000000D-02  0.19531250000000D-02  0.19531250000000D-02
            0.19531250000000D-02  0.19531250000000D-02  0.19531250000000D-02
            0.19531250000000D-02  0.19531250000000D-02  0.19531250000000D-02
            0.19531250000000D-02  0.19531250000000D-02  0.19531250000000D-02
            0.19531250000000D-02  0.19531250000000D-02  0.19531250000000D-02
            0.19531250000000D-02  0.19531250000000D-02  0.19531250000000D-02
            0.19531250000000D-02  0.19531250000000D-02  0.19531250000000D-02
            0.19531250000000D-02  0.19531250000000D-02  0.19531250000000D-02
            0.19531250000000D-02  0.19531250000000D-02  0.19531250000000D-02
            0.19531250000000D-02  0.19531250000000D-02  0.19531250000000D-02
            0.19531250000000D-02  0.19531250000000D-02  0.19531250000000D-02
            0.19531250000000D-02  0.19531250000000D-02  0.19531250000000D-02
            0.19531250000000D-02  0.19531250000000D-02  0.19531250000000D-02
            0.19531250000000D-02  0.19531250000000D-02  0.19531250000000D-02
            0.19531250000000D-02  0.19531250000000D-02  0.19531250000000D-02
            0.19531250000000D-02  0.19531250000000D-02  0.19531250000000D-02
            0.19531250000000D-02  0.19531250000000D-02  0.19531250000000D-02
            0.19531250000000D-02  0.19531250000000D-02  0.19531250000000D-02
            0.19531250000000D-02  0.19531250000000D-02  0.19531250000000D-02
            0.19531250000000D-02  0.19531250000000D-02  0.19531250000000D-02
            0.19531250000000D-02  0.19531250000000D-02  0.19531250000000D-02
            0.19531250000000D-02  0.19531250000000D-02  0.19531250000000D-02
            0.19531250000000D-02  0.19531250000000D-02  0.19531250000000D-02
            0.19531250000000D-02  0.19531250000000D-02  0.19531250000000D-02
            0.19531250000000D-02  0.19531250000000D-02  0.19531250000000D-02
            0.19531250000000D-02  0.19531250000000D-02  0.19531250000000D-02
            0.19531250000000D-02  0.19531250000000D-02  0.19531250000000D-02
            0.19531250000000D-02  0.19531250000000D-02  0.19531250000000D-02
            0.19531250000000D-02  0.19531250000000D-02  0.19531250000000D-02
            0.19531250000000D-02  0.19531250000000D-02  0.19531250000000D-02
            0.19531250000000D-02  0.19531250000000D-02  0.19531250000000D-02
            0.19531250000000D-02  0.19531250000000D-02  0.19531250000000D-02
            0.19531250000000D-02  0.19531250000000D-02  0.19531250000000D-02
            0.19531250000000D-02  0.19531250000000D-02  0.19531250000000D-02
            0.19531250000000D-02  0.19531250000000D-02  0.19531250000000D-02
            0.19531250000000D-02  0.19531250000000D-02  0.19531250000000D-02
            0.19531250000000D-02  0.19531250000000D-02  0.19531250000000D-02
            0.19531250000000D-02  0.19531250000000D-02  0.19531250000000D-02
            0.19531250000000D-02  0.19531250000000D-02  0.19531250000000D-02
            0.19531250000000D-02  0.19531250000000D-02  0.19531250000000D-02
            0.19531250000000D-02  0.19531250000000D-02  0.19531250000000D-02
            0.19531250000000D-02  0.19531250000000D-02  0.19531250000000D-02
            0.19531250000000D-02  0.19531250000000D-02  0.19531250000000D-02
            0.19531250000000D-02  0.19531250000000D-02  0.19531250000000D-02
            0.19531250000000D-02  0.19531250000000D-02  0.19531250000000D-02
            0.19531250000000D-02  0.19531250000000D-02  0.19531250000000D-02
            0.19531250000000D-02  0.19531250000000D-02  0.19531250000000D-02
            0.19531250000000D-02  0.19531250000000D-02  0.19531250000000D-02
            0.19531250000000D-02  0.19531250000000D-02  0.19531250000000D-02
            0.19531250000000D-02  0.19531250000000D-02  0.19531250000000D-02
            0.19531250000000D-02  0.19531250000000D-02  0.19531250000000D-02
            0.19531250000000D-02  0.19531250000000D-02  0.19531250000000D-02
            0.19531250000000D-02  0.19531250000000D-02  0.19531250000000D-02
            0.19531250000000D-02  0.19531250000000D-02  0.19531250000000D-02
            0.19531250000000D-02  0.19531250000000D-02  0.19531250000000D-02
            0.19531250000000D-02  0.19531250000000D-02  0.19531250000000D-02
            0.19531250000000D-02  0.19531250000000D-02  0.19531250000000D-02
            0.19531250000000D-02  0.19531250000000D-02  0.19531250000000D-02
            0.19531250000000D-02  0.19531250000000D-02  0.19531250000000D-02
            0.19531250000000D-02  0.19531250000000D-02  0.19531250000000D-02
            0.19531250000000D-02  0.19531250000000D-02  0.19531250000000D-02
            0.19531250000000D-02  0.19531250000000D-02  0.19531250000000D-02
            0.19531250000000D-02  0.19531250000000D-02  0.19531250000000D-02
            0.19531250000000D-02  0.19531250000000D-02  0.19531250000000D-02
            0.19531250000000D-02  0.19531250000000D-02  0.19531250000000D-02
            0.19531250000000D-02  0.19531250000000D-02  0.19531250000000D-02
            0.19531250000000D-02  0.19531250000000D-02  0.19531250000000D-02
            0.19531250000000D-02  0.19531250000000D-02  0.19531250000000D-02
            0.19531250000000D-02  0.19531250000000D-02  0.19531250000000D-02
            0.19531250000000D-02  0.19531250000000D-02  0.19531250000000D-02
            0.19531250000000D-02  0.19531250000000D-02  0.19531250000000D-02
            0.19531250000000D-02  0.19531250000000D-02  0.19531250000000D-02
            0.19531250000000D-02  0.19531250000000D-02  0.19531250000000D-02
            0.19531250000000D-02  0.19531250000000D-02  0.19531250000000D-02
            0.19531250000000D-02  0.19531250000000D-02  0.19531250000000D-02
            0.19531250000000D-02  0.19531250000000D-02  0.19531250000000D-02
            0.19531250000000D-02  0.19531250000000D-02  0.19531250000000D-02
            0.19531250000000D-02  0.19531250000000D-02  0.19531250000000D-02
            0.19531250000000D-02  0.19531250000000D-02  0.19531250000000D-02
            0.19531250000000D-02  0.19531250000000D-02  0.19531250000000D-02
            0.19531250000000D-02  0.19531250000000D-02  0.19531250000000D-02
            0.19531250000000D-02  0.19531250000000D-02  0.19531250000000D-02
            0.19531250000000D-02  0.19531250000000D-02  0.19531250000000D-02
            0.19531250000000D-02  0.19531250000000D-02  0.19531250000000D-02
            0.19531250000000D-02  0.19531250000000D-02  0.19531250000000D-02
            0.19531250000000D-02  0.19531250000000D-02  0.19531250000000D-02
            0.19531250000000D-02  0.19531250000000D-02  0.19531250000000D-02
            0.19531250000000D-02  0.19531250000000D-02  0.19531250000000D-02
            0.19531250000000D-02  0.19531250000000D-02  0.19531250000000D-02
            0.19531250000000D-02  0.19531250000000D-02  0.19531250000000D-02
            0.19531250000000D-02  0.19531250000000D-02  0.19531250000000D-02
            0.19531250000000D-02  0.19531250000000D-02  0.19531250000000D-02
            0.19531250000000D-02  0.19531250000000D-02  0.19531250000000D-02
            0.19531250000000D-02  0.19531250000000D-02  0.19531250000000D-02
            0.19531250000000D-02  0.19531250000000D-02  0.19531250000000D-02
            0.19531250000000D-02  0.19531250000000D-02  0.19531250000000D-02
            0.19531250000000D-02  0.19531250000000D-02  0.19531250000000D-02
            0.19531250000000D-02  0.19531250000000D-02  0.19531250000000D-02
            0.19531250000000D-02  0.19531250000000D-02  0.19531250000000D-02
            0.19531250000000D-02  0.19531250000000D-02  0.19531250000000D-02
            0.19531250000000D-02  0.19531250000000D-02  0.19531250000000D-02
            0.19531250000000D-02  0.19531250000000D-02  0.19531250000000D-02
            0.19531250000000D-02  0.19531250000000D-02  0.19531250000000D-02
            0.19531250000000D-02  0.19531250000000D-02  0.19531250000000D-02
            0.19531250000000D-02  0.19531250000000D-02  0.19531250000000D-02
            0.19531250000000D-02  0.19531250000000D-02  0.19531250000000D-02
            0.19531250000000D-02  0.19531250000000D-02  0.19531250000000D-02
            0.19531250000000D-02  0.19531250000000D-02  0.19531250000000D-02
            0.19531250000000D-02  0.19531250000000D-02  0.19531250000000D-02
            0.19531250000000D-02  0.19531250000000D-02  0.19531250000000D-02
            0.19531250000000D-02  0.19531250000000D-02  0.19531250000000D-02
            0.19531250000000D-02  0.19531250000000D-02  0.19531250000000D-02
            0.19531250000000D-02  0.19531250000000D-02  0.19531250000000D-02
            0.19531250000000D-02  0.19531250000000D-02  0.19531250000000D-02
            0.19531250000000D-02  0.19531250000000D-02  0.19531250000000D-02
            0.19531250000000D-02  0.19531250000000D-02  0.19531250000000D-02
            0.19531250000000D-02  0.19531250000000D-02  0.19531250000000D-02
            0.19531250000000D-02  0.19531250000000D-02  0.19531250000000D-02
            0.19531250000000D-02  0.19531250000000D-02  0.19531250000000D-02
            0.19531250000000D-02  0.19531250000000D-02  0.19531250000000D-02
            0.19531250000000D-02  0.19531250000000D-02
      xred  0.00000000000000D+00  0.00000000000000D+00  0.00000000000000D+00
            0.50000000000000D+00  0.50000000000000D+00  0.50000000000000D+00
            0.00000000000000D+00  0.50000000000000D+00  0.50000000000000D+00
            0.50000000000000D+00  0.00000000000000D+00  0.50000000000000D+00
            0.50000000000000D+00  0.50000000000000D+00  0.00000000000000D+00
     znucl  0.82000000000000D+02  0.22000000000000D+02  0.80000000000000D+01
      zion  0.14000000000000D+02  0.12000000000000D+02  0.60000000000000D+01
 
  Description of the potentials (KB energies)
  vrsio8 (for pseudopotentials)= 10929
  dimekb =  6       lmnmax=  6       usepaw=  0
  Atom type=    1   pspso=  0   nekb=   6
  iln lpsang iproj  ekb(:)
     1     0     1     4.6004112E+00  0.0000000E+00  0.0000000E+00  0.0000000E+00
                       0.0000000E+00  0.0000000E+00
     2     0     2     0.0000000E+00  3.7742026E+00  0.0000000E+00  0.0000000E+00
                       0.0000000E+00  0.0000000E+00
     3     1     1     0.0000000E+00  0.0000000E+00  3.3924047E+00  0.0000000E+00
                       0.0000000E+00  0.0000000E+00
     4     1     2     0.0000000E+00  0.0000000E+00  0.0000000E+00  3.8943541E+00
                       0.0000000E+00  0.0000000E+00
     5     2     1     0.0000000E+00  0.0000000E+00  0.0000000E+00  0.0000000E+00
                      -5.9025864E+00  0.0000000E+00
     6     2     2     0.0000000E+00  0.0000000E+00  0.0000000E+00  0.0000000E+00
                      -5.9025864E+00  0.0000000E+00
  Atom type=    2   pspso=  0   nekb=   4
  iln lpsang iproj  ekb(:)
     1     0     1     9.5173163E+00  0.0000000E+00  0.0000000E+00  0.0000000E+00
     2     0     2     0.0000000E+00 -2.3446820E+00  0.0000000E+00  0.0000000E+00
     3     1     1     0.0000000E+00  0.0000000E+00  5.0114063E+00  0.0000000E+00
     4     1     2     0.0000000E+00  0.0000000E+00  0.0000000E+00 -7.4117869E-01
  Atom type=    3   pspso=  0   nekb=   2
  iln lpsang iproj  ekb(:)
     1     0     1     5.7633608E+00  0.0000000E+00
     2     0     2     0.0000000E+00 -1.7984213E+00
 
 **** Database of total energy derivatives ****
 Number of data blocks=    1

 2rd derivatives (non-stat.)  - # elements :     225
 qpt  5.00000000E-01  2.50000000E-01  0.00000000E+00   1.0
   1   1   1   1  0.37853732351832D+01 -0.28226083449036D-17
   1   1   2   1 -0.60723412739985D-13 -0.49425987772912D-13
   1   1   3   1  0.32599450921900D-12  0.53309052905102D-13
   1   1   1   2 -0.63442818456982D-13 -0.94063449657867D-13
   1   1   2   2 -0.34589684675805D+01 -0.34589684675790D+01
   1   1   3   2  0.14801258937039D-11  0.13347151478280D-11
   1   1   1   3 -0.16362908820435D+01  0.16362908820907D+01
   1   1   2   3 -0.31294321631078D-13 -0.19259160901154D-12
   1   1   3   3 -0.13000066467318D-14  0.70580492822058D-14
   1   1   1   4 -0.30962272130873D-13 -0.41021825585928D-13
   1   1   2   4 -0.51202771739524D-12  0.14007392562418D+01
   1   1   3   4 -0.11951824064657D-12  0.15376591585973D-12
   1   1   1   5 -0.25148031927415D-13  0.96395365230057D-14
   1   1   2   5  0.96964893607237D+00  0.96964893614476D+00
   1   1   3   5 -0.98864305898181D-12 -0.10374394547364D-11
   2   1   1   1  0.34105484171472D-12  0.74350828400610D-13
   2   1   2   1  0.14983211973595D+01  0.54900209848740D-17
   2   1   3   1  0.43761195578804D-13  0.16886109350535D-13
   2   1   1   2 -0.29824495944642D+01 -0.29824495945721D+01
   2   1   2   2  0.18823172296039D-14  0.12318994236267D-13
   2   1   3   2 -0.21525199265984D-12 -0.24446728176651D-12
   2   1   1   3 -0.56446451004002D-13  0.47944553367327D-13
   2   1   2   3  0.38060831265144D+00 -0.38060831257087D+00
   2   1   3   3  0.34921153520413D-13  0.44119224401437D-13
   2   1   1   4  0.34508695136465D-10  0.41853083724219D+00
   2   1   2   4 -0.63119712577279D-14  0.16033289260951D-10
   2   1   3   4  0.29401423606458D-13  0.36185697367443D-12
   2   1   1   5  0.10008336651576D+01  0.10008336651054D+01
   2   1   2   5 -0.52966436646860D-12 -0.57407440444986D-12
   2   1   3   5  0.48036162552188D-13  0.88927668673975D-13
   3   1   1   1  0.67401486263594D-16  0.11640019276570D-14
   3   1   2   1 -0.33645230038174D-14  0.87932054746112D-15
   3   1   3   1  0.37392209148675D+00 -0.27278926693112D-17
   3   1   1   2 -0.80667152057698D-15  0.39979578984178D-15
   3   1   2   2 -0.10622363785809D-14 -0.21763990611472D-14
   3   1   3   2  0.18165147230819D-13 -0.10607586431817D-13
   3   1   1   3 -0.67668401848343D-15  0.80058434374327D-15
   3   1   2   3 -0.58663661904257D-14  0.31812456672515D-14
   3   1   3   3  0.43898150208117D+00 -0.43898150208290D+00
   3   1   1   4  0.10053984165582D-15  0.21333746852092D-13
   3   1   2   4  0.33213465394309D-16 -0.61304887756527D-18
   3   1   3   4  0.68221385449585D-13  0.49627871382396D-13
   3   1   1   5 -0.37324249211901D-14 -0.77181994493418D-15
   3   1   2   5  0.11826190989681D-15 -0.31161050422164D-15
   3   1   3   5 -0.22713809811676D-13 -0.38550596043610D-13
   1   2   1   1 -0.14530486146319D-12  0.14864835651580D-12
   1   2   2   1 -0.29824439771517D+01  0.29824439771747D+01
   1   2   3   1 -0.30335543066459D-12  0.22804794210365D-12
   1   2   1   2  0.15044292180291D+02 -0.28201320397941D-14
   1   2   2   2 -0.32165338859428D-12 -0.18437750537146D-12
   1   2   3   2  0.49232996410649D-12  0.40057464305551D-13
   1   2   1   3  0.31396126785398D-13 -0.15034943013282D-12
   1   2   2   3 -0.15649497491635D-10 -0.42816400508073D+00
   1   2   3   3 -0.64651025770399D-13  0.50716526452304D-13
   1   2   1   4 -0.17413143847642D+01 -0.17413143847333D+01
   1   2   2   4 -0.22635763890297D-10 -0.22646878066698D-10
   1   2   3   4 -0.55225353388564D-12 -0.51660514761840D-12
   1   2   1   5 -0.30346982065608D+01  0.76623936561276D-10
   1   2   2   5  0.10395039727685D-11 -0.45591182915065D-13
   1   2   3   5 -0.17430167743692D-12 -0.15459608365254D-13
   2   2   1   1 -0.34589704383776D+01  0.34589704383667D+01
   2   2   2   1  0.41961011798529D-13  0.21994222446928D-13
   2   2   3   1  0.10570080219421D-12 -0.32647356290192D-13
   2   2   1   2  0.15742549472726D-12  0.32639167301206D-13
   2   2   2   2  0.81331314623976D+01 -0.31184687719530D-14
   2   2   3   2 -0.25778490764282D-13 -0.27036866166323D-12
   2   2   1   3 -0.35933913446995D-11 -0.29865850934176D+01
   2   2   2   3 -0.10990907009100D-12  0.74097851835738D-13
   2   2   3   3 -0.93664028384734D-14 -0.86501888496226D-14
   2   2   1   4  0.42577252356047D-13 -0.28133274088787D-13
   2   2   2   4 -0.89107732936887D+00 -0.89107732937109D+00
   2   2   3   4  0.46050367115355D-12  0.31109784741776D-12
   2   2   1   5  0.69150164065980D-14 -0.24707671718562D-13
   2   2   2   5 -0.13354573680368D+01  0.12975461435781D-10
   2   2   3   5  0.40296284416931D-12  0.69411234675973D-13
   3   2   1   1 -0.86527287937388D-15  0.16533292565990D-13
   3   2   2   1 -0.11953868849850D-13  0.57892560746353D-14
   3   2   3   1  0.15207839740007D-13  0.13050096783289D-13
   3   2   1   2 -0.45030727366230D-13  0.13866866621904D-13
   3   2   2   2 -0.10518955873554D-13 -0.16673934423740D-13
   3   2   3   2  0.29192689817864D+00 -0.28747062422604D-14
   3   2   1   3 -0.26846806507478D-13  0.22177387747671D-13
   3   2   2   3 -0.37842738892080D-14  0.18591833353433D-13
   3   2   3   3  0.16458448971424D-12  0.52642333724538D-13
   3   2   1   4  0.10809880290347D-13 -0.76766021551862D-14
   3   2   2   4 -0.20263951192714D-13  0.17807552445333D-13
   3   2   3   4  0.11315132995634D-01  0.11315132990468D-01
   3   2   1   5 -0.30893421096277D-14 -0.19014339093181D-14
   3   2   2   5  0.39527246079491D-14 -0.66510036256753D-15
   3   2   3   5  0.87622419982762D+00 -0.45028214901812D-12
   1   3   1   1 -0.16362744441888D+01 -0.16362744441839D+01
   1   3   2   1  0.74353002278250D-13  0.57495201140596D-13
   1   3   3   1  0.82127869550739D-16  0.22073956605103D-13
   1   3   1   2  0.45386086609458D-13  0.70692115697613D-13
   1   3   2   2 -0.11414639244625D-11  0.29865759124229D+01
   1   3   3   2  0.33628455004819D-13  0.85186421031534D-12
   1   3   1   3  0.13715245169326D+02  0.24851892568730D-16
   1   3   2   3  0.83057318149557D-13 -0.16694726230419D-13
   1   3   3   3  0.71970933045854D-13  0.78375466904671D-14
   1   3   1   4  0.10137642569807D-12 -0.10245600329693D-12
   1   3   2   4  0.33117677473814D+01 -0.33117677473833D+01
   1   3   3   4 -0.39675793999975D-12  0.27923482792984D-12
   1   3   1   5 -0.25903274103613D-13 -0.16810029789561D-14
   1   3   2   5 -0.10322431228586D-10 -0.29112966063311D+00
   1   3   3   5  0.15160429731905D-13 -0.41189546048773D-12
   2   3   1   1 -0.97681262873170D-13 -0.76715697963918D-13
   2   3   2   1  0.38060313651737D+00  0.38060313650661D+00
   2   3   3   1  0.22992545812151D-13  0.13769812683314D-13
   2   3   1   2  0.27805265596286D-10  0.42817018124529D+00
   2   3   2   2  0.10615305384932D-12 -0.19716759653637D-12
   2   3   3   2 -0.11982671820147D-13 -0.35622351829810D-13
   2   3   1   3 -0.12215709978903D-12  0.17921453134150D-13
   2   3   2   3  0.27166009869557D+01  0.18835850660680D-15
   2   3   3   3  0.19702225178428D-13 -0.81051328613663D-14
   2   3   1   4  0.15663815183679D+01 -0.15663815183801D+01
   2   3   2   4 -0.89804940466240D-12  0.91769807347972D-12
   2   3   3   4 -0.44363581247832D-13  0.50226397274296D-13
   2   3   1   5  0.10653000031363D-11 -0.40093352343725D+00
   2   3   2   5  0.48214167278812D-14 -0.10568005286699D-12
   2   3   3   5  0.15510116595497D-14  0.10611923536804D-13
   3   3   1   1  0.33154303764066D-14 -0.85445177981161D-14
   3   3   2   1 -0.82138624307070D-14 -0.13062246550000D-13
   3   3   3   1  0.43898409340756D+00  0.43898409340806D+00
   3   3   1   2  0.22500149206918D-13 -0.14144999010333D-13
   3   3   2   2  0.91877199921723D-15  0.79681180092503D-14
   3   3   3   2 -0.55523798606498D-13 -0.36571694456761D-13
   3   3   1   3  0.77813503273507D-14 -0.71038735297831D-14
   3   3   2   3 -0.51366839897984D-14  0.73170875449275D-14
   3   3   3   3  0.26926145753887D+01  0.15757563523770D-15
   3   3   1   4  0.42913406697087D-14  0.18610758630480D-14
   3   3   2   4  0.25195236355558D-14 -0.18363262187900D-14
   3   3   3   4  0.12548604303225D-14 -0.12140250800101D-13
   3   3   1   5 -0.95397575380546D-14  0.10502790553238D-13
   3   3   2   5 -0.69515862311875D-16 -0.12662517448615D-14
   3   3   3   5  0.79281771940298D-14 -0.80595831508631D-14
   1   4   1   1  0.20949169168415D-13 -0.38384248481413D-13
   1   4   2   1  0.19911874695860D-11 -0.41853547615779D+00
   1   4   3   1  0.56449942523031D-14  0.68633112192644D-13
   1   4   1   2 -0.17413123416033D+01  0.17413123417101D+01
   1   4   2   2  0.33407722864968D-13  0.40633168737871D-15
   1   4   3   2  0.10510457018684D-12 -0.62703298369388D-13
   1   4   1   3 -0.71834960044390D-13 -0.10731930225922D-12
   1   4   2   3  0.15663819678131D+01  0.15663819678116D+01
   1   4   3   3 -0.16005397768769D-15  0.84139077028319D-14
   1   4   1   4  0.31906433788190D+01 -0.51843826743127D-18
   1   4   2   4 -0.65271818838634D-11 -0.38571887442900D-14
   1   4   3   4 -0.31849649476029D-12 -0.13206776308758D-13
   1   4   1   5  0.55928130419849D+00 -0.55928130418248D+00
   1   4   2   5  0.24883103859327D-12 -0.24559072843501D-12
   1   4   3   5 -0.42362127479552D-13  0.24500520032818D-13
   2   4   1   1 -0.35052582685709D-11 -0.14007320596480D+01
   2   4   2   1  0.33454038616832D-14  0.66252565231642D-13
   2   4   3   1 -0.12859575103531D-13 -0.28314855182686D-14
   2   4   1   2  0.72446443162989D-13 -0.51622822602240D-13
   2   4   2   2 -0.89107260734150D+00  0.89107260734070D+00
   2   4   3   2 -0.32089447482721D-12  0.37166869378389D-12
   2   4   1   3  0.33117723082889D+01  0.33117723082887D+01
   2   4   2   3  0.69754432922337D-13  0.35076032148257D-13
   2   4   3   3  0.51051510964855D-14  0.53272917112313D-14
   2   4   1   4 -0.82781509404566D-13  0.60109699387920D-15
   2   4   2   4  0.94811345373482D+01  0.10083712013034D-17
   2   4   3   4 -0.47416773009995D-12 -0.25874383868736D-13
   2   4   1   5 -0.34731868900944D-14 -0.11801139242476D-13
   2   4   2   5 -0.11247361345792D+01  0.11247361345638D+01
   2   4   3   5  0.14810733789292D-12 -0.14332957534831D-12
   3   4   1   1  0.99607958082569D-14 -0.20130664759419D-13
   3   4   2   1  0.19737112418604D-14  0.89665570142572D-15
   3   4   3   1  0.33701154272780D-14 -0.50982538470370D-13
   3   4   1   2 -0.14489130581195D-13  0.13008051231239D-14
   3   4   2   2  0.19678289194787D-13  0.76440751801933D-14
   3   4   3   2  0.11333154530462D-01 -0.11333154530860D-01
   3   4   1   3 -0.20051147187578D-14  0.13899123374281D-15
   3   4   2   3  0.24686956977549D-14 -0.16634406760259D-14
   3   4   3   3  0.14072458704533D-13  0.65323127942019D-14
   3   4   1   4  0.12220101814350D-13  0.16278561036131D-14
   3   4   2   4 -0.41219418052461D-14 -0.69462090481262D-14
   3   4   3   4  0.25364147635305D+01 -0.50104151068981D-18
   3   4   1   5  0.12168382639071D-14  0.17912094418969D-15
   3   4   2   5 -0.53836569799733D-14 -0.15049898455172D-14
   3   4   3   5 -0.12579660198824D+01  0.12579660198826D+01
   1   5   1   1 -0.41018910909949D-13  0.49610616259102D-13
   1   5   2   1  0.10008375290680D+01 -0.10008375290586D+01
   1   5   3   1 -0.70140071395316D-13  0.61440533655295D-13
   1   5   1   2 -0.30346897103835D+01  0.84226890739809D-10
   1   5   2   2 -0.49981589200251D-14  0.38713611201645D-13
   1   5   3   2  0.19367422563737D-12  0.16379576723596D-13
   1   5   1   3  0.29578949551679D-13 -0.19325786960182D-12
   1   5   2   3 -0.16739540408899D-11  0.40094038144818D+00
   1   5   3   3 -0.25474479105524D-13 -0.19620828034771D-14
   1   5   1   4  0.55928792565792D+00  0.55928792568902D+00
   1   5   2   4 -0.60700547833623D-11 -0.60648691563702D-11
   1   5   3   4 -0.17815645507081D-12 -0.13809407462807D-12
   1   5   1   5  0.27987278542264D+01 -0.20152952104624D-15
   1   5   2   5  0.35203001704396D-12 -0.36802447912714D-13
   1   5   3   5 -0.51290028299866D-13  0.37367386705045D-13
   2   5   1   1  0.96964120676486D+00 -0.96964120676890D+00
   2   5   2   1  0.56267298043067D-13 -0.78146331901334D-14
   2   5   3   1  0.26604578627343D-13 -0.13694303508878D-13
   2   5   1   2  0.61332087201860D-13 -0.43236173159298D-14
   2   5   2   2 -0.13354593463378D+01  0.46047554454755D-13
   2   5   3   2 -0.28491257202842D-12  0.13123417908667D-13
   2   5   1   3 -0.59099185078180D-12  0.29112441066206D+00
   2   5   2   3 -0.19110963521076D-13 -0.40071146199787D-14
   2   5   3   3 -0.22236288254758D-14 -0.10418887632432D-14
   2   5   1   4 -0.35364313932366D-13 -0.28049623719808D-13
   2   5   2   4 -0.11247349108756D+01 -0.11247349108753D+01
   2   5   3   4 -0.46259925857784D-13 -0.78712434007401D-13
   2   5   1   5 -0.60987034010604D-13 -0.14518494605606D-13
   2   5   2   5  0.21911475433667D+01 -0.18634176420419D-15
   2   5   3   5  0.15839185614364D-12  0.39298192702654D-13
   3   5   1   1 -0.30156427692232D-14  0.10869208233632D-14
   3   5   2   1  0.19603491803210D-15  0.32546910752788D-15
   3   5   3   1 -0.36014931187111D-15  0.73323836528974D-14
   3   5   1   2  0.43895823883956D-14  0.69266405662329D-15
   3   5   2   2  0.13705161618746D-13  0.28538077411891D-15
   3   5   3   2  0.87624238741387D+00 -0.43720944129483D-12
   3   5   1   3 -0.82159441213150D-15 -0.87596789570939D-14
   3   5   2   3  0.25754044602523D-16  0.53806898184993D-16
   3   5   3   3 -0.48603613685292D-13  0.90099206156686D-14
   3   5   1   4 -0.48414655033401D-15 -0.45221018655744D-15
   3   5   2   4 -0.69821074015981D-15  0.18922584812146D-15
   3   5   3   4 -0.12579531943407D+01 -0.12579531943407D+01
   3   5   1   5 -0.26649239933129D-14 -0.52759755753105D-14
   3   5   2   5 -0.34408624446474D-14  0.81024946419314D-14
   3   5   3   5  0.50183953791966D+01 -0.25871372346851D-16
