   0.00000   0   0   0 -0.1479571408714989E+002 -0.1479571408714988E+002  29.59142817429976
# -0.147957E+002  -0.340683E-015  -0.340683E-015
# -0.340683E-015  -0.147957E+002   0.353557E-015
# -0.340683E-015   0.353557E-015  -0.147957E+002
   0.01563   1   0   0 -0.1480132162179815E+002 -0.1480132162179813E+002  0.2960264324359628E+002
#  0.296026E+002   0.441673E-015   0.441673E-015
#  0.441673E-015  -0.148013E+002  -0.822598E-015
#  0.441673E-015  -0.822598E-015  -0.148013E+002
   0.03125   2   0   0 -0.1481808912531671E+002 -0.1481808912531671E+002  0.2963617825063344E+002
#  0.296362E+002  -0.167046E-015  -0.167046E-015
# -0.167046E-015  -0.148181E+002  -0.322338E-015
# -0.167046E-015  -0.322338E-015  -0.148181E+002
   0.04688   3   0   0 -0.1484585186980312E+002 -0.1484585186980312E+002  0.2969170373960623E+002
#  0.296917E+002   0.450489E-015   0.450489E-015
#  0.450489E-015  -0.148459E+002   0.608003E-015
#  0.450489E-015   0.608003E-015  -0.148459E+002
   0.06250   4   0   0 -0.1488433721279225E+002 -0.1488433721279224E+002  0.2976867442558451E+002
#  0.297687E+002   0.123531E-015   0.123531E-015
#  0.123531E-015  -0.148843E+002  -0.443659E-016
#  0.123531E-015  -0.443659E-016  -0.148843E+002
   0.07813   5   0   0 -0.1493316742820356E+002 -0.1493316742820355E+002  0.2986633485640711E+002
#  0.298663E+002  -0.233318E-015  -0.233318E-015
# -0.233318E-015  -0.149332E+002   0.891636E-015
# -0.233318E-015   0.891636E-015  -0.149332E+002
   0.09375   6   0   0 -0.1499186361993969E+002 -0.1499186361993969E+002  0.2998372723987939E+002
#  0.299837E+002  -0.138925E-015  -0.138925E-015
# -0.138925E-015  -0.149919E+002   0.104177E-014
# -0.138925E-015   0.104177E-014  -0.149919E+002
   0.10938   7   0   0 -0.1505985066955050E+002 -0.1505985066955050E+002  0.3011970133910100E+002
#  0.301197E+002   0.179707E-015   0.179707E-015
#  0.179707E-015  -0.150599E+002  -0.211024E-015
#  0.179707E-015  -0.211024E-015  -0.150599E+002
   0.12500   8   0   0 -0.1513646315708397E+002 -0.1513646315708397E+002  0.3027292631416795E+002
#  0.302729E+002   0.328873E-015   0.328873E-015
#  0.328873E-015  -0.151365E+002   0.852099E-015
#  0.328873E-015   0.852099E-015  -0.151365E+002
   0.14063   9   0   0 -0.1522095218307733E+002 -0.1522095218307732E+002  0.3044190436615466E+002
#  0.304419E+002  -0.133541E-015  -0.133541E-015
# -0.133541E-015  -0.152210E+002   0.963141E-015
# -0.133541E-015   0.963141E-015  -0.152210E+002
   0.15625  10   0   0 -0.1531249300977379E+002 -0.1531249300977379E+002  0.3062498601954757E+002
#  0.306250E+002  -0.545023E-017  -0.545023E-017
# -0.545023E-017  -0.153125E+002   0.764445E-015
# -0.545023E-017   0.764445E-015  -0.153125E+002
   0.17188  11   0   0 -0.1541019343122327E+002 -0.1541019343122326E+002  0.3082038686244655E+002
#  0.308204E+002  -0.347975E-015  -0.347975E-015
# -0.347975E-015  -0.154102E+002   0.464729E-015
# -0.347975E-015   0.464729E-015  -0.154102E+002
   0.18750  12   0   0 -0.1551310277503409E+002 -0.1551310277503408E+002  0.3102620555006817E+002
#  0.310262E+002   0.291111E-016   0.291111E-016
#  0.291111E-016  -0.155131E+002   0.764947E-015
#  0.291111E-016   0.764947E-015  -0.155131E+002
   0.20313  13   0   0 -0.1562022143324481E+002 -0.1562022143324481E+002  0.3124044286648962E+002
#  0.312404E+002   0.195923E-015   0.195923E-015
#  0.195923E-015  -0.156202E+002   0.279521E-015
#  0.195923E-015   0.279521E-015  -0.156202E+002
   0.21875  14   0   0 -0.1573051081609248E+002 -0.1573051081609248E+002  0.3146102163218497E+002
#  0.314610E+002  -0.403441E-015  -0.403441E-015
# -0.403441E-015  -0.157305E+002   0.788001E-015
# -0.403441E-015   0.788001E-015  -0.157305E+002
   0.23438  15   0   0 -0.1584290362033816E+002 -0.1584290362033816E+002  0.3168580724067633E+002
#  0.316858E+002  -0.718071E-016  -0.718071E-016
# -0.718071E-016  -0.158429E+002   0.265528E-015
# -0.718071E-016   0.265528E-015  -0.158429E+002
   0.25000  16   0   0 -0.1595631430321169E+002 -0.1595631430321169E+002  0.3191262860642340E+002
#  0.319126E+002  -0.793023E-016  -0.793023E-016
# -0.793023E-016  -0.159563E+002   0.515125E-015
# -0.793023E-016   0.515125E-015  -0.159563E+002
   0.26563  17   0   0 -0.1606964965385675E+002 -0.1606964965385675E+002  0.3213929930771350E+002
#  0.321393E+002  -0.161558E-015  -0.161558E-015
# -0.161558E-015  -0.160696E+002   0.559068E-015
# -0.161558E-015   0.559068E-015  -0.160696E+002
   0.28125  18   0   0 -0.1618181935627474E+002 -0.1618181935627474E+002  0.3236363871254947E+002
#  0.323636E+002  -0.133387E-016  -0.133387E-016
# -0.133387E-016  -0.161818E+002   0.759537E-015
# -0.133387E-016   0.759537E-015  -0.161818E+002
   0.29688  19   0   0 -0.1629174644103891E+002 -0.1629174644103890E+002  0.3258349288207782E+002
#  0.325835E+002  -0.362094E-015  -0.362094E-015
# -0.362094E-015  -0.162917E+002   0.778246E-015
# -0.362094E-015   0.778246E-015  -0.162917E+002
   0.31250  20   0   0 -0.1639837752732156E+002 -0.1639837752732156E+002  0.3279675505464311E+002
#  0.327968E+002  -0.225313E-015  -0.225313E-015
# -0.225313E-015  -0.163984E+002   0.410077E-015
# -0.225313E-015   0.410077E-015  -0.163984E+002
   0.32813  21   0   0 -0.1650069276188454E+002 -0.1650069276188453E+002  0.3300138552376907E+002
#  0.330014E+002   0.303582E-015   0.303582E-015
#  0.303582E-015  -0.165007E+002   0.398833E-015
#  0.303582E-015   0.398833E-015  -0.165007E+002
   0.34375  22   0   0 -0.1659771536746074E+002 -0.1659771536746073E+002  0.3319543073492149E+002
#  0.331954E+002  -0.135537E-016  -0.135537E-016
# -0.135537E-016  -0.165977E+002   0.112796E-014
# -0.135537E-016   0.112796E-014  -0.165977E+002
   0.35938  23   0   0 -0.1668852071924141E+002 -0.1668852071924140E+002  0.3337704143848281E+002
#  0.333770E+002   0.948710E-016   0.948710E-016
#  0.948710E-016  -0.166885E+002   0.359081E-015
#  0.948710E-016   0.359081E-015  -0.166885E+002
   0.37500  24   0   0 -0.1677224487483025E+002 -0.1677224487483025E+002  0.3354448974966049E+002
#  0.335445E+002  -0.303575E-015  -0.303575E-015
# -0.303575E-015  -0.167722E+002   0.339565E-015
# -0.303575E-015   0.339565E-015  -0.167722E+002
   0.39063  25   0   0 -0.1684809248989367E+002 -0.1684809248989367E+002  0.3369618497978733E+002
#  0.336962E+002  -0.996658E-016  -0.996658E-016
# -0.996658E-016  -0.168481E+002   0.349986E-015
# -0.996658E-016   0.349986E-015  -0.168481E+002
   0.40625  26   0   0 -0.1691534405870649E+002 -0.1691534405870647E+002  0.3383068811741298E+002
#  0.338307E+002   0.190656E-015   0.190656E-015
#  0.190656E-015  -0.169153E+002  -0.221959E-015
#  0.190656E-015  -0.221959E-015  -0.169153E+002
   0.42188  27   0   0 -0.1697336242576602E+002 -0.1697336242576601E+002  0.3394672485153202E+002
#  0.339467E+002   0.271841E-015   0.271841E-015
#  0.271841E-015  -0.169734E+002   0.568088E-015
#  0.271841E-015   0.568088E-015  -0.169734E+002
   0.43750  28   0   0 -0.1702159852154526E+002 -0.1702159852154526E+002  0.3404319704309052E+002
#  0.340432E+002   0.681195E-016   0.681195E-016
#  0.681195E-016  -0.170216E+002  -0.574885E-015
#  0.681195E-016  -0.574885E-015  -0.170216E+002
   0.45313  29   0   0 -0.1705959628222207E+002 -0.1705959628222206E+002  0.3411919256444414E+002
#  0.341192E+002  -0.284884E-015  -0.284884E-015
# -0.284884E-015  -0.170596E+002  -0.173618E-015
# -0.284884E-015  -0.173618E-015  -0.170596E+002
   0.46875  30   0   0 -0.1708699671982166E+002 -0.1708699671982166E+002  0.3417399343964330E+002
#  0.341740E+002   0.551099E-015   0.551099E-015
#  0.551099E-015  -0.170870E+002   0.806333E-015
#  0.551099E-015   0.806333E-015  -0.170870E+002
   0.48438  31   0   0 -0.1710354111563035E+002 -0.1710354111563035E+002  0.3420708223126069E+002
#  0.342071E+002  -0.243243E-015  -0.243243E-015
# -0.243243E-015  -0.171035E+002   0.312312E-016
# -0.243243E-015   0.312312E-016  -0.171035E+002
   0.50000  32   0   0 -0.1710907331598458E+002 -0.1710907331598457E+002  0.3421814663196913E+002
#  0.342181E+002   0.457794E-015   0.457794E-015
#  0.457794E-015  -0.171091E+002   0.828494E-016
#  0.457794E-015   0.828494E-016  -0.171091E+002
   0.51563  32   1   0 -0.1711342447941378E+002 -0.1703415037752434E+002  0.3414757485693812E+002
#  0.341476E+002   0.453957E-015   0.453502E-015
#  0.453957E-015  -0.170342E+002   0.707381E-016
#  0.453502E-015   0.707381E-016  -0.171134E+002
   0.53125  32   2   0 -0.1712643562634947E+002 -0.1681047778135567E+002  0.3393691340770511E+002
#  0.339369E+002   0.443863E-015   0.440966E-015
#  0.443863E-015  -0.168105E+002  -0.407070E-016
#  0.440966E-015  -0.407070E-016  -0.171264E+002
   0.54688  32   3   0 -0.1714798015151734E+002 -0.1644131423682702E+002  0.3358929438834436E+002
#  0.335893E+002   0.431160E-015   0.421270E-015
#  0.431160E-015  -0.164413E+002  -0.728842E-016
#  0.421270E-015  -0.728842E-016  -0.171480E+002
   0.56250  32   4   0 -0.1717784845731213E+002 -0.1593199268383949E+002  0.3310984114115161E+002
#  0.331098E+002   0.420200E-015   0.396376E-015
#  0.420200E-015  -0.159320E+002  -0.120709E-015
#  0.396376E-015  -0.120709E-015  -0.171778E+002
   0.57813  32   5   0 -0.1721575005401015E+002 -0.1528977834203148E+002  0.3250552839604164E+002
#  0.325055E+002   0.414242E-015   0.369146E-015
#  0.414242E-015  -0.152898E+002  -0.162202E-015
#  0.369146E-015  -0.162202E-015  -0.172158E+002
   0.59375  32   6   0 -0.1726131646719441E+002 -0.1452368033315439E+002  0.3178499680034879E+002
#  0.317850E+002   0.414139E-015   0.343117E-015
#  0.414139E-015  -0.145237E+002  -0.211811E-016
#  0.343117E-015  -0.211811E-016  -0.172613E+002
   0.60938  32   7   0 -0.1731410492011448E+002 -0.1364422618815099E+002  0.3095833110826547E+002
#  0.309583E+002   0.418035E-015   0.322026E-015
#  0.418035E-015  -0.136442E+002  -0.908248E-016
#  0.322026E-015  -0.908248E-016  -0.173141E+002
   0.62500  32   8   0 -0.1737360275031467E+002 -0.1266320986420587E+002  0.3003681261452054E+002
#  0.300368E+002   0.422085E-015   0.309197E-015
#  0.422085E-015  -0.126632E+002  -0.252500E-015
#  0.309197E-015  -0.252500E-015  -0.173736E+002
   0.64063  32   9   0 -0.1743923251207244E+002 -0.1159342442378229E+002  0.2903265693585474E+002
#  0.290327E+002   0.421798E-015   0.306950E-015
#  0.421798E-015  -0.115934E+002  -0.245077E-015
#  0.306950E-015  -0.245077E-015  -0.174392E+002
   0.65625  32  10   0 -0.1751035770909711E+002 -0.1044839029535429E+002  0.2795874800445139E+002
#  0.279587E+002   0.413394E-015   0.316152E-015
#  0.413394E-015  -0.104484E+002  -0.329767E-015
#  0.316152E-015  -0.329767E-015  -0.175104E+002
   0.67188  32  11   0 -0.1758628909563404E+002 -0.9242089141976688E+001  0.2682837823761073E+002
#  0.268284E+002   0.394624E-015   0.336010E-015
#  0.394624E-015  -0.924209E+001  -0.320205E-015
#  0.336010E-015  -0.320205E-015  -0.175863E+002
   0.68750  32  12   0 -0.1766629147866996E+002 -0.7988711956958923E+001  0.2565500343562889E+002
#  0.256550E+002   0.364791E-015   0.364143E-015
#  0.364791E-015  -0.798871E+001  -0.311814E-015
#  0.364143E-015  -0.311814E-015  -0.176663E+002
   0.70313  32  13   0 -0.1774959094939141E+002 -0.6702428260378999E+001  0.2445201920977041E+002
#  0.244520E+002   0.324111E-015   0.396952E-015
#  0.324111E-015  -0.670243E+001  -0.361876E-015
#  0.396952E-015  -0.361876E-015  -0.177496E+002
   0.71875  32  14   0 -0.1783538246844232E+002 -0.5397181364248153E+001  0.2323256383269047E+002
#  0.232326E+002   0.272894E-015   0.430270E-015
#  0.272894E-015  -0.539718E+001  -0.349475E-015
#  0.430270E-015  -0.349475E-015  -0.178354E+002
   0.73438  32  15   0 -0.1792283772687045E+002 -0.4086512770199792E+001  0.2200935049707024E+002
#  0.220094E+002   0.211193E-015   0.460122E-015
#  0.211193E-015  -0.408651E+001  -0.344697E-015
#  0.460122E-015  -0.344697E-015  -0.179228E+002
   0.75000  32  16   0 -0.1801111320294213E+002 -0.2783416994373644E+001  0.2079453019731577E+002
#  0.207945E+002   0.139242E-015   0.483433E-015
#  0.139242E-015  -0.278342E+001  -0.305837E-015
#  0.483433E-015  -0.305837E-015  -0.180111E+002
   0.76563  32  17   0 -0.1809935833421732E+002 -0.1500226575416080E+001  0.1959958490963339E+002
#  0.195996E+002   0.584396E-016   0.498482E-015
#  0.584396E-016  -0.150023E+001  -0.242227E-015
#  0.498482E-015  -0.242227E-015  -0.180994E+002
   0.78125  32  18   0 -0.1818672372437864E+002 -0.2485257704620043E+000  0.1843524949484065E+002
#  0.184352E+002  -0.279063E-016   0.505044E-015
# -0.279063E-016  -0.248526E+000  -0.201940E-015
#  0.505044E-015  -0.201940E-015  -0.181867E+002
   0.79688  32  19   0 -0.1827236930524870E+002  0.9609094974091482E+000  0.1731145980783955E+002
#  0.173115E+002  -0.114820E-015   0.504210E-015
# -0.114820E-015   0.960909E+000  -0.107957E-015
#  0.504210E-015  -0.107957E-015  -0.182724E+002
   0.81250  32  20   0 -0.1835547237615159E+002  0.2118148515398198E+001  0.1623732386075338E+002
#  0.162373E+002  -0.197055E-015   0.498042E-015
# -0.197055E-015   0.211815E+001  -0.657577E-016
#  0.498042E-015  -0.657577E-016  -0.183555E+002
   0.82813  32  21   0 -0.1843523544521168E+002  0.3214122920104772E+001  0.1522111252510692E+002
#  0.152211E+002  -0.270972E-015   0.489143E-015
# -0.270972E-015   0.321412E+001   0.420219E-016
#  0.489143E-015   0.420219E-016  -0.184352E+002
   0.84375  32  22   0 -0.1851089380026299E+002  0.4240627669629885E+001  0.1427026613063310E+002
#  0.142703E+002  -0.335760E-015   0.480229E-015
# -0.335760E-015   0.424063E+001   0.163755E-015
#  0.480229E-015   0.163755E-015  -0.185109E+002
   0.85938  32  23   0 -0.1858172274069299E+002  0.5190309364070091E+001  0.1339141337662289E+002
#  0.133914E+002  -0.393193E-015   0.473731E-015
# -0.393193E-015   0.519031E+001   0.188013E-015
#  0.473731E-015   0.188013E-015  -0.185817E+002
   0.87500  32  24   0 -0.1864704440569099E+002  0.6056645237716346E+001  0.1259039916797465E+002
#  0.125904E+002  -0.445965E-015   0.471447E-015
# -0.445965E-015   0.605665E+001   0.292648E-015
#  0.471447E-015   0.292648E-015  -0.186470E+002
   0.89063  32  25   0 -0.1870623413894120E+002  0.6833915861344693E+001  0.1187231827759651E+002
#  0.118723E+002  -0.495625E-015   0.474286E-015
# -0.495625E-015   0.683392E+001   0.218128E-015
#  0.474286E-015   0.218128E-015  -0.187062E+002
   0.90625  32  26   0 -0.1875872633472490E+002  0.7517174253666134E+001  0.1124155208105876E+002
#  0.112416E+002  -0.541390E-015   0.482157E-015
# -0.541390E-015   0.751717E+001   0.231095E-015
#  0.482157E-015   0.231095E-015  -0.187587E+002
   0.92188  32  27   0 -0.1880401971561284E+002  0.8102213738309294E+001  0.1070180597730354E+002
#  0.107018E+002  -0.580568E-015   0.494033E-015
# -0.580568E-015   0.810221E+001   0.451410E-015
#  0.494033E-015   0.451410E-015  -0.188040E+002
   0.93750  32  28   0 -0.1884168199737875E+002  0.8585536519965078E+001  0.1025614547741367E+002
#  0.102561E+002  -0.610290E-015   0.508169E-015
# -0.610290E-015   0.858554E+001   0.480395E-015
#  0.508169E-015   0.480395E-015  -0.188417E+002
   0.95313  32  29   0 -0.1887135390239868E+002  0.8964324606573294E+001  0.9907029295825385E+001
#  0.990703E+001  -0.629390E-015   0.522415E-015
# -0.629390E-015   0.896432E+001   0.506397E-015
#  0.522415E-015   0.506397E-015  -0.188714E+002
   0.96875  32  30   0 -0.1889275248857502E+002  0.9236414383274022E+001  0.9656338105300993E+001
#  0.965634E+001  -0.639233E-015   0.534567E-015
# -0.639233E-015   0.923641E+001   0.548220E-015
#  0.534567E-015   0.548220E-015  -0.188928E+002
   0.98438  32  31   0 -0.1890567376670219E+002  0.9400275852467528E+001  0.9505397914234653E+001
#  0.950540E+001  -0.642991E-015   0.542725E-015
# -0.642991E-015   0.940028E+001   0.471242E-015
#  0.542725E-015   0.471242E-015  -0.189057E+002
   1.00000  32  32   0 -0.1890999458514469E+002  0.9454997292572337E+001  0.9454997292572338E+001
#  0.945500E+001  -0.643810E-015   0.545597E-015
# -0.643810E-015   0.945500E+001   0.484300E-015
#  0.545597E-015   0.484300E-015  -0.189100E+002
   1.02210  31  31   0 -0.1890135008104745E+002  0.9385504964023818E+001  0.9515845117023627E+001
#  0.945068E+001   0.651701E-001  -0.472476E-015
#  0.651701E-001   0.945068E+001   0.158414E-015
# -0.472476E-015   0.158414E-015  -0.189014E+002
   1.04419  30  30   0 -0.1887546472599416E+002  0.9178075952729635E+001  0.9697388773264525E+001
#  0.943773E+001   0.259656E+000   0.282782E-015
#  0.259656E+000   0.943773E+001  -0.439721E-015
#  0.282782E-015  -0.439721E-015  -0.188755E+002
   1.06629  29  29   0 -0.1883248379314309E+002  0.8835824538709140E+001  0.9996659254433949E+001
#  0.941624E+001   0.580417E+000  -0.122475E-014
#  0.580417E+000   0.941624E+001   0.177935E-015
# -0.122475E-014   0.177935E-015  -0.188325E+002
   1.08839  28  28   0 -0.1877265202617559E+002  0.8363843967324943E+001  0.1040880805885064E+002
#  0.938633E+001   0.102248E+001  -0.223098E-015
#  0.102248E+001   0.938633E+001   0.639976E-015
# -0.223098E-015   0.639976E-015  -0.187727E+002
   1.11049  27  27   0 -0.1869631739948789E+002  0.7769066041923676E+001  0.1092725135756422E+002
#  0.934816E+001   0.157909E+001   0.124432E-015
#  0.157909E+001   0.934816E+001  -0.143856E-015
#  0.124432E-015  -0.143856E-015  -0.186963E+002
   1.13258  26  26   0 -0.1860393604334108E+002  0.7060074929832054E+001  0.1154386111350903E+002
#  0.930197E+001   0.224189E+001  -0.273851E-015
#  0.224189E+001   0.930197E+001   0.525983E-015
# -0.273851E-015   0.525983E-015  -0.186039E+002
   1.15468  25  25   0 -0.1849607800816594E+002  0.6246884513496358E+001  0.1224919349466958E+002
#  0.924804E+001   0.300115E+001   0.713055E-017
#  0.300115E+001   0.924804E+001  -0.324380E-015
#  0.713055E-017  -0.324380E-015  -0.184961E+002
   1.17678  24  24   0 -0.1837343346788765E+002  0.5340689934670113E+001  0.1303274353321755E+002
#  0.918672E+001   0.384603E+001  -0.703476E-015
#  0.384603E+001   0.918672E+001  -0.648628E-016
# -0.703476E-015  -0.648628E-016  -0.183734E+002
   1.19887  23  23   0 -0.1823681890139847E+002  0.4353604506336963E+001  0.1388321439506150E+002
#  0.911841E+001   0.476480E+001  -0.193479E-015
#  0.476480E+001   0.911841E+001  -0.480755E-016
# -0.193479E-015  -0.480755E-016  -0.182368E+002
   1.22097  22  22   0 -0.1808718274665209E+002  0.3298392932204032E+001  0.1478878981444806E+002
#  0.904359E+001   0.574520E+001  -0.252728E-015
#  0.574520E+001   0.904359E+001  -0.400905E-015
# -0.252728E-015  -0.400905E-015  -0.180872E+002
   1.24307  21  21   0 -0.1792560999543678E+002  0.2188210874784648E+001  0.1573739912065213E+002
#  0.896280E+001   0.677459E+001  -0.556732E-015
#  0.677459E+001   0.896280E+001   0.195997E-015
# -0.556732E-015   0.195997E-015  -0.179256E+002
   1.26517  20  20   0 -0.1775332519045194E+002  0.1036359498270928E+001  0.1671696569218104E+002
#  0.887666E+001   0.784030E+001  -0.374466E-015
#  0.784030E+001   0.887666E+001  -0.691473E-016
# -0.374466E-015  -0.691473E-016  -0.177533E+002
   1.28726  19  19   0 -0.1757169330113046E+002 -0.1439381436149070E+000  0.1771563144474537E+002
#  0.878585E+001   0.892978E+001  -0.398630E-015
#  0.892978E+001   0.878585E+001  -0.124643E-015
# -0.398630E-015  -0.124643E-015  -0.175717E+002
   1.30936  18  18   0 -0.1738221799140961E+002 -0.1339733923273545E+001  0.1872195191468314E+002
#  0.869111E+001   0.100308E+002  -0.451730E-015
#  0.100308E+002   0.869111E+001  -0.522566E-015
# -0.451730E-015  -0.522566E-015  -0.173822E+002
   1.33146  17  17   0 -0.1718653685140354E+002 -0.2538521625422636E+001  0.1972505847682618E+002
#  0.859327E+001   0.111318E+002  -0.223167E-015
#  0.111318E+002   0.859327E+001  -0.125287E-015
# -0.223167E-015  -0.125287E-015  -0.171865E+002
   1.35355  16  16   0 -0.1698641324497641E+002 -0.3728372856074913E+001  0.2071478610105132E+002
#  0.849321E+001   0.122216E+002  -0.146115E-015
#  0.122216E+002   0.849321E+001  -0.274284E-015
# -0.146115E-015  -0.274284E-015  -0.169864E+002
   1.37565  15  15   0 -0.1678372452505942E+002 -0.4898042182124840E+001  0.2168176670718427E+002
#  0.839186E+001   0.132899E+002   0.117225E-015
#  0.132899E+002   0.839186E+001  -0.632113E-016
#  0.117225E-015  -0.632113E-016  -0.167837E+002
   1.39775  14  14   0 -0.1658044648583145E+002 -0.6037043077480568E+001  0.2261748956331201E+002
#  0.829022E+001   0.143273E+002  -0.197850E-015
#  0.143273E+002   0.829022E+001  -0.334567E-015
# -0.197850E-015  -0.334567E-015  -0.165804E+002
   1.41984  13  13   0 -0.1637863405233363E+002 -0.7135697209705031E+001  0.2351433126203870E+002
#  0.818932E+001   0.153250E+002   0.792523E-015
#  0.153250E+002   0.818932E+001   0.254937E-015
#  0.792523E-015   0.254937E-015  -0.163786E+002
   1.44194  12  12   0 -0.1618039834957118E+002 -0.8185160255409665E+001  0.2436555860498088E+002
#  0.809020E+001   0.162754E+002   0.131405E-015
#  0.162754E+002   0.809020E+001   0.289333E-016
#  0.131405E-015   0.289333E-016  -0.161804E+002
   1.46404  11  11   0 -0.1598788043970389E+002 -0.9177427810717575E+001  0.2516530825042145E+002
#  0.799394E+001   0.171714E+002  -0.680447E-015
#  0.171714E+002   0.799394E+001   0.220699E-015
# -0.680447E-015   0.220699E-015  -0.159879E+002
   1.48614  10  10   0 -0.1580322216187268E+002 -0.1010532510584603E+002  0.2590854726771872E+002
#  0.790161E+001   0.180069E+002   0.674608E-017
#  0.180069E+002   0.790161E+001   0.647489E-015
#  0.674608E-017   0.647489E-015  -0.158032E+002
   1.50823   9   9   0 -0.1562853464836415E+002 -0.1096248418739589E+002  0.2659101883576004E+002
#  0.781427E+001   0.187768E+002   0.129457E-014
#  0.187768E+002   0.781427E+001   0.755211E-015
#  0.129457E-014   0.755211E-015  -0.156285E+002
   1.53033   8   8   0 -0.1546586521672355E+002 -0.1174331204603528E+002  0.2720917726275882E+002
#  0.773293E+001   0.194762E+002   0.793595E-015
#  0.194762E+002   0.773293E+001   0.625405E-016
#  0.793595E-015   0.625405E-016  -0.154659E+002
   1.55243   7   7   0 -0.1531716344368201E+002 -0.1244295288521144E+002  0.2776011632889345E+002
#  0.765858E+001   0.201015E+002   0.633895E-015
#  0.201015E+002   0.765858E+001  -0.673744E-015
#  0.633895E-015  -0.673744E-015  -0.153172E+002
   1.57452   6   6   0 -0.1518424730735655E+002 -0.1305724738656339E+002  0.2824149469391995E+002
#  0.759212E+001   0.206494E+002   0.168350E-015
#  0.206494E+002   0.759212E+001  -0.225436E-015
#  0.168350E-015  -0.225436E-015  -0.151842E+002
   1.59662   5   5   0 -0.1506877033389669E+002 -0.1358269146077483E+002  0.2865146179467152E+002
#  0.753439E+001   0.211171E+002  -0.153466E-015
#  0.211171E+002   0.753439E+001   0.145035E-014
# -0.153466E-015   0.145035E-014  -0.150688E+002
   1.61872   4   4   0 -0.1497219069953735E+002 -0.1401639660204919E+002  0.2898858730158654E+002
#  0.748610E+001   0.215025E+002   0.549496E-015
#  0.215025E+002   0.748610E+001   0.681351E-015
#  0.549496E-015   0.681351E-015  -0.149722E+002
   1.64082   3   3   0 -0.1489574321633935E+002 -0.1435605360638370E+002  0.2925179682272302E+002
#  0.744787E+001   0.218039E+002   0.772464E-015
#  0.218039E+002   0.744787E+001   0.489385E-015
#  0.772464E-015   0.489385E-015  -0.148957E+002
   1.66291   2   2   0 -0.1484041506901332E+002 -0.1459990107819404E+002  0.2944031614720735E+002
#  0.742021E+001   0.220201E+002  -0.631060E-016
#  0.220201E+002   0.742021E+001   0.426077E-016
# -0.631060E-016   0.426077E-016  -0.148404E+002
   1.68501   1   1   0 -0.1480692607234915E+002 -0.1474669984110744E+002  0.2955362591345659E+002
#  0.740346E+001   0.221502E+002   0.473079E-015
#  0.221502E+002   0.740346E+001  -0.165420E-014
#  0.473079E-015  -0.165420E-014  -0.148069E+002
   1.70711   0   0   0 -0.1479571408714989E+002 -0.1479571408714988E+002  29.59142817429976
# -0.147957E+002  -0.340683E-015  -0.340683E-015
# -0.340683E-015  -0.147957E+002   0.353557E-015
# -0.340683E-015   0.353557E-015  -0.147957E+002
   1.73417   1   1   1 -0.1475233627755462E+002 -0.1475233627755462E+002  0.2950467255510924E+002
#  0.000000E+000   0.147523E+002   0.147523E+002
#  0.147523E+002  -0.465651E-014   0.147523E+002
#  0.147523E+002   0.147523E+002   0.000000E+000
   1.76123   2   2   2 -0.1462273755059817E+002 -0.1462273755059815E+002  0.2924547510119632E+002
#  0.155217E-014   0.146227E+002   0.146227E+002
#  0.146227E+002   0.000000E+000   0.146227E+002
#  0.146227E+002   0.146227E+002  -0.310434E-014
   1.78830   3   3   3 -0.1440851895033196E+002 -0.1440851895033196E+002  0.2881703790066391E+002
#  0.000000E+000   0.144085E+002   0.144085E+002
#  0.144085E+002  -0.155217E-014   0.144085E+002
#  0.144085E+002   0.144085E+002   0.310434E-014
   1.81536   4   4   4 -0.1411233820634772E+002 -0.1411233820634770E+002  0.2822467641269543E+002
#  0.252228E-014   0.141123E+002   0.141123E+002
#  0.141123E+002  -0.582064E-015   0.141123E+002
#  0.141123E+002   0.141123E+002  -0.213424E-014
   1.84242   5   5   5 -0.1373789210262973E+002 -0.1373789210262973E+002  0.2747578420525945E+002
# -0.324986E-014   0.137379E+002   0.137379E+002
#  0.137379E+002  -0.169769E-014   0.137379E+002
#  0.137379E+002   0.137379E+002  -0.480203E-014
   1.86949   6   6   6 -0.1328988869977711E+002 -0.1328988869977710E+002  0.2657977739955420E+002
#  0.497180E-015   0.132899E+002   0.132899E+002
#  0.132899E+002   0.204935E-014   0.132899E+002
#  0.132899E+002   0.132899E+002   0.360152E-014
   1.89655   7   7   7 -0.1277400663555875E+002 -0.1277400663555875E+002  0.2554801327111750E+002
#  0.434881E-014   0.127740E+002   0.127740E+002
#  0.127740E+002   0.124447E-014   0.127740E+002
#  0.127740E+002   0.127740E+002   0.468380E-015
   1.92361   8   8   8 -0.1219683839080867E+002 -0.1219683839080866E+002  0.2439367678161733E+002
#  0.129695E-014   0.121968E+002   0.121968E+002
#  0.121968E+002   0.440129E-014   0.121968E+002
#  0.121968E+002   0.121968E+002   0.284912E-014
   1.95068   9   9   9 -0.1156581440450939E+002 -0.1156581440450939E+002  0.2313162880901879E+002
#  0.146813E-014   0.115658E+002   0.115658E+002
#  0.115658E+002   0.224421E-014   0.115658E+002
#  0.115658E+002   0.115658E+002  -0.860129E-015
   1.97774  10  10  10 -0.1088910531220922E+002 -0.1088910531220921E+002  0.2177821062441843E+002
#  0.108623E-014   0.108891E+002   0.108891E+002
#  0.108891E+002   0.310149E-015   0.108891E+002
#  0.108891E+002   0.108891E+002   0.186232E-014
   2.00480  11  11  11 -0.1017550040431899E+002 -0.1017550040431899E+002  0.2035100080863798E+002
# -0.126365E-014   0.101755E+002   0.101755E+002
#  0.101755E+002  -0.126365E-014   0.101755E+002
#  0.101755E+002   0.101755E+002  -0.281582E-014
   2.03187  12  12  12 -0.9434261663325199E+001 -0.9434261663325195E+001  0.1886852332665039E+002
#  0.206766E-014   0.943426E+001   0.943426E+001
#  0.943426E+001  -0.103668E-014   0.943426E+001
#  0.943426E+001   0.943426E+001  -0.260597E-015
   2.05893  13  13  13 -0.8674954407835244E+001 -0.8674954407835237E+001  0.1734990881567048E+002
#  0.506047E-015   0.867495E+001   0.867495E+001
#  0.867495E+001   0.167018E-014   0.867495E+001
#  0.867495E+001   0.867495E+001  -0.270038E-015
   2.08599  14  14  14 -0.7907257562033454E+001 -0.7907257562033451E+001  0.1581451512406690E+002
#  0.993205E-015   0.790726E+001   0.790726E+001
#  0.790726E+001  -0.364945E-015   0.790726E+001
#  0.790726E+001   0.790726E+001  -0.947009E-015
   2.11306  15  15  15 -0.7140758741379701E+001 -0.7140758741379699E+001  0.1428151748275940E+002
# -0.529091E-016   0.714076E+001   0.714076E+001
#  0.714076E+001   0.238123E-015   0.714076E+001
#  0.714076E+001   0.714076E+001  -0.246931E-015
   2.14012  16  16  16 -0.6384741506090217E+001 -0.6384741506090214E+001  0.1276948301218043E+002
#  0.234419E-015   0.638474E+001   0.638474E+001
#  0.638474E+001   0.663254E-015   0.638474E+001
#  0.638474E+001   0.638474E+001  -0.324547E-015
   2.16718  17  17  17 -0.5647974049147089E+001 -0.5647974049147089E+001  0.1129594809829418E+002
#  0.877962E-015   0.564797E+001   0.564797E+001
#  0.564797E+001   0.486519E-017   0.564797E+001
#  0.564797E+001   0.564797E+001  -0.383178E-015
   2.19425  18  18  18 -0.4938510002864817E+001 -0.4938510002864811E+001  0.9877020005729628E+001
#  0.194050E-015   0.493851E+001   0.493851E+001
#  0.493851E+001   0.776114E-015   0.493851E+001
#  0.493851E+001   0.493851E+001  -0.388015E-015
   2.22131  19  19  19 -0.4263512727707994E+001 -0.4263512727707993E+001  0.8527025455415988E+001
#  0.776086E-015   0.426351E+001   0.426351E+001
#  0.426351E+001  -0.388043E-015   0.426351E+001
#  0.426351E+001   0.426351E+001  -0.155217E-014
   2.24837  20  20  20 -0.3629114198388828E+001 -0.3629114198388826E+001  0.7258228396777655E+001
# -0.776086E-015   0.362911E+001   0.362911E+001
#  0.362911E+001   0.388043E-015   0.362911E+001
#  0.362911E+001   0.362911E+001   0.155217E-014
   2.27544  21  21  21 -0.3040318318881664E+001 -0.3040318318881659E+001  0.6080636637763330E+001
#  0.232826E-014   0.304032E+001   0.304032E+001
#  0.304032E+001   0.116413E-014   0.304032E+001
#  0.304032E+001   0.304032E+001   0.232826E-014
   2.30250  22  22  22 -0.2500956185190987E+001 -0.2500956185190985E+001  0.5001912370381971E+001
#  0.388043E-015   0.250096E+001   0.250096E+001
#  0.250096E+001   0.388043E-015   0.250096E+001
#  0.250096E+001   0.250096E+001  -0.776086E-015
   2.32956  23  23  23 -0.2013697602392615E+001 -0.2013697602392612E+001  0.4027395204785227E+001
#  0.194021E-014   0.201370E+001   0.201370E+001
#  0.201370E+001   0.217704E-032   0.201370E+001
#  0.201370E+001   0.201370E+001  -0.776086E-015
   2.35663  24  24  24 -0.1580119299162640E+001 -0.1580119299162636E+001  0.3160238598325276E+001
# -0.776086E-015   0.158012E+001   0.158012E+001
#  0.158012E+001  -0.776086E-015   0.158012E+001
#  0.158012E+001   0.158012E+001   0.155217E-014
   2.38369  25  25  25 -0.1200826110530214E+001 -0.1200826110530212E+001  0.2401652221060433E+001
#  0.157824E-038   0.120083E+001   0.120083E+001
#  0.120083E+001   0.388043E-014   0.120083E+001
#  0.120083E+001   0.120083E+001   0.310434E-014
   2.41075  26  26  26 -0.8756173119329217E+000 -0.8756173119329204E+000  0.1751234623865838E+001
# -0.155217E-014   0.875617E+000   0.875617E+000
#  0.875617E+000  -0.776086E-015   0.875617E+000
#  0.875617E+000   0.875617E+000  -0.155217E-014
   2.43782  27  27  27 -0.6036866813161011E+000 -0.6036866813160977E+000  0.1207373362632211E+001
#  0.698477E-014   0.603687E+000   0.603687E+000
#  0.603687E+000   0.232826E-014   0.603687E+000
#  0.603687E+000   0.603687E+000   0.310434E-014
   2.46488  28  28  28 -0.3838420908063881E+000 -0.3838420908063840E+000  0.7676841816127806E+000
#  0.106981E-048   0.383842E+000   0.383842E+000
#  0.383842E+000   0.388043E-014   0.383842E+000
#  0.383842E+000   0.383842E+000   0.465651E-014
   2.49194  29  29  29 -0.2147287483710746E+000 -0.2147287483710718E+000  0.4294574967421441E+000
#  0.310434E-014   0.214729E+000   0.214729E+000
#  0.214729E+000  -0.388043E-014   0.214729E+000
#  0.214729E+000   0.214729E+000  -0.155217E-014
   2.51901  30  30  30 -0.9503977389792255E-001 -0.9503977389792179E-001  0.1900795477958490E+000
#  0.155217E-014   0.950398E-001   0.950398E-001
#  0.950398E-001   0.155217E-014   0.950398E-001
#  0.950398E-001   0.950398E-001   0.155217E-014
   2.54607  31  31  31 -0.2369863454403039E-001 -0.2369863454403012E-001  0.4739726908806593E-001
#  0.232826E-014   0.236986E-001   0.236986E-001
#  0.236986E-001   0.155217E-014   0.236986E-001
#  0.236986E-001   0.236986E-001   0.155217E-014
   2.57313  32  32  32 -0.1957870157038644E-014  0.2446987447937033E-014  0.4167396570435339E-014
# -0.155217E-014  -0.900681E-015  -0.900681E-015
# -0.900681E-015   0.310434E-014  -0.106305E-014
# -0.900681E-015  -0.106305E-014   0.310434E-014
   2.59523  32  31  31 -0.4538512391281291E-001  0.1847643522427334E-002  0.4353748039038557E-001
#  0.435375E-001  -0.892748E-015  -0.892748E-015
# -0.892748E-015  -0.217687E-001   0.236164E-001
# -0.892748E-015   0.236164E-001  -0.217687E-001
   2.61733  32  30  30 -0.1809721171152144E+000  0.6488671926528217E-002  0.1744834451886924E+000
#  0.174483E+000  -0.869047E-015  -0.869047E-015
# -0.869047E-015  -0.872417E-001   0.937304E-001
# -0.869047E-015   0.937304E-001  -0.872417E-001
   2.63942  32  29  29 -0.4050671850957792E+000  0.1124393398910843E-001  0.3938232511066763E+000
#  0.393823E+000  -0.830306E-015  -0.830306E-015
# -0.830306E-015  -0.196912E+000   0.208156E+000
# -0.830306E-015   0.208156E+000  -0.196912E+000
   2.66152  32  28  28 -0.7148847257055111E+000  0.1173631875929992E-001  0.7031484069462176E+000
#  0.703148E+000  -0.779338E-015  -0.779338E-015
# -0.779338E-015  -0.351574E+000   0.363311E+000
# -0.779338E-015   0.363311E+000  -0.351574E+000
   2.68362  32  27  27 -0.1106601984152670E+001  0.2021675049270588E-002  0.1104580309103406E+001
#  0.110458E+001  -0.722177E-015  -0.722177E-015
# -0.722177E-015  -0.552290E+000   0.554312E+000
# -0.722177E-015   0.554312E+000  -0.552290E+000
   2.70571  32  26  26 -0.1575432799218659E+001 -0.2523039871248522E-001  0.1600663197931147E+001
#  0.160066E+001  -0.665763E-015  -0.665763E-015
# -0.665763E-015  -0.800332E+000   0.775101E+000
# -0.665763E-015   0.775101E+000  -0.800332E+000
   2.72781  32  25  25 -0.2115717861813674E+001 -0.7850820678616266E-001  0.2194226068599838E+001
#  0.219423E+001  -0.612715E-015  -0.612715E-015
# -0.612715E-015  -0.109711E+001   0.101860E+001
# -0.612715E-015   0.101860E+001  -0.109711E+001
   2.74991  32  24  24 -0.2721028426520817E+001 -0.1671848040689358E+000  0.2888213230589755E+001
#  0.288821E+001  -0.559111E-015  -0.559111E-015
# -0.559111E-015  -0.144411E+001   0.127692E+001
# -0.559111E-015   0.127692E+001  -0.144411E+001
   2.77201  32  23  23 -0.3384280099618149E+001 -0.3012031438034098E+000  0.3685483243421562E+001
#  0.368548E+001  -0.498876E-015  -0.498876E-015
# -0.498876E-015  -0.184274E+001   0.154154E+001
# -0.498876E-015   0.154154E+001  -0.184274E+001
   2.79410  32  22  22 -0.4097853181335775E+001 -0.4907229458183020E+000  0.4588576127154075E+001
#  0.458858E+001  -0.430033E-015  -0.430033E-015
# -0.430033E-015  -0.229429E+001   0.180357E+001
# -0.430033E-015   0.180357E+001  -0.229429E+001
   2.81620  32  21  21 -0.4853716061928043E+001 -0.7457330822115074E+000  0.5599449144139551E+001
#  0.559945E+001  -0.355424E-015  -0.355424E-015
# -0.355424E-015  -0.279972E+001   0.205399E+001
# -0.355424E-015   0.205399E+001  -0.279972E+001
   2.83830  32  20  20 -0.5643548345983323E+001 -0.1075633842244178E+001  0.6719182188227501E+001
#  0.671918E+001  -0.277081E-015  -0.277081E-015
# -0.277081E-015  -0.335959E+001   0.228396E+001
# -0.277081E-015   0.228396E+001  -0.335959E+001
   2.86039  32  19  19 -0.6458860684219642E+001 -0.1488794350854736E+001  0.7947655035074376E+001
#  0.794766E+001  -0.190790E-015  -0.190790E-015
# -0.190790E-015  -0.397383E+001   0.248503E+001
# -0.190790E-015   0.248503E+001  -0.397383E+001
   2.88249  32  18  18 -0.7291108697971178E+001 -0.1992091852336316E+001  0.9283200550307493E+001
#  0.928320E+001  -0.876072E-016  -0.876072E-016
# -0.876072E-016  -0.464160E+001   0.264951E+001
# -0.876072E-016   0.264951E+001  -0.464160E+001
   2.90459  32  17  17 -0.8131798856847197E+001 -0.2590441706218936E+001  0.1072224056306613E+002
#  0.107222E+002   0.378492E-016   0.378492E-016
#  0.378492E-016  -0.536112E+001   0.277068E+001
#  0.378492E-016   0.277068E+001  -0.536112E+001
   2.92669  32  16  16 -0.8972584682591325E+001 -0.3286329916098886E+001  0.1225891459869021E+002
#  0.122589E+002   0.179644E-015   0.179644E-015
#  0.179644E-015  -0.612946E+001   0.284313E+001
#  0.179644E-015   0.284313E+001  -0.612946E+001
   2.94878  32  15  15 -0.9805352172023561E+001 -0.4079363885993621E+001  0.1388471605801718E+002
#  0.138847E+002   0.320542E-015   0.320542E-015
#  0.320542E-015  -0.694236E+001   0.286299E+001
#  0.320542E-015   0.286299E+001  -0.694236E+001
   2.97088  32  14  14 -0.1062229383301354E+002 -0.4965861799847248E+001  0.1558815563286079E+002
#  0.155882E+002   0.439880E-015   0.439880E-015
#  0.439880E-015  -0.779408E+001   0.282822E+001
#  0.439880E-015   0.282822E+001  -0.779408E+001
   2.99298  32  13  13 -0.1141597118862942E+002 -0.5938506273479609E+001  0.1735447746210902E+002
#  0.173545E+002   0.522910E-015   0.522910E-015
#  0.522910E-015  -0.867724E+001   0.273873E+001
#  0.522910E-015   0.273873E+001  -0.867724E+001
   3.01507  32  12  12 -0.1217936601039785E+002 -0.6986093190916285E+001  0.1916545920131414E+002
#  0.191655E+002   0.564905E-015   0.564905E-015
#  0.564905E-015  -0.958273E+001   0.259664E+001
#  0.564905E-015   0.259664E+001  -0.958273E+001
   3.03717  32  11  11 -0.1290592088200319E+002 -0.8093411045831072E+001  0.2099933192783426E+002
#  0.209993E+002   0.568363E-015   0.568363E-015
#  0.568363E-015  -0.104997E+002   0.240625E+001
#  0.568363E-015   0.240625E+001  -0.104997E+002
   3.05927  32  10  10 -0.1358956996485277E+002 -0.9241288476433015E+001  0.2283085844128578E+002
#  0.228309E+002   0.537887E-015   0.537887E-015
#  0.537887E-015  -0.114154E+002   0.217414E+001
#  0.537887E-015   0.217414E+001  -0.114154E+002
   3.08137  32   9   9 -0.1422476103621249E+002 -0.1040684657112011E+002  0.2463160760733260E+002
#  0.246316E+002   0.479144E-015   0.479144E-015
#  0.479144E-015  -0.123158E+002   0.190896E+001
#  0.479144E-015   0.190896E+001  -0.123158E+002
   3.10346  32   8   8 -0.1480647000200626E+002 -0.1156398643380500E+002  0.2637045643581127E+002
#  0.263705E+002   0.402961E-015   0.402961E-015
#  0.402961E-015  -0.131852E+002   0.162124E+001
#  0.402961E-015   0.162124E+001  -0.131852E+002
   3.12556  32   7   7 -0.1533020915532217E+002 -0.1268413019346468E+002  0.2801433934878685E+002
#  0.280143E+002   0.328170E-015   0.328170E-015
#  0.328170E-015  -0.140072E+002   0.132304E+001
#  0.328170E-015   0.132304E+001  -0.140072E+002
   3.14766  32   6   6 -0.1579203046522348E+002 -0.1373721458027425E+002  0.2952924504549773E+002
#  0.295292E+002   0.276838E-015   0.276838E-015
#  0.276838E-015  -0.147646E+002   0.102741E+001
#  0.276838E-015   0.102741E+001  -0.147646E+002
   3.16975  32   5   5 -0.1618852514646855E+002 -0.1469291100074714E+002  0.3088143614721569E+002
#  0.308814E+002   0.263897E-015   0.263897E-015
#  0.263897E-015  -0.154407E+002   0.747807E+000
#  0.263897E-015   0.747807E+000  -0.154407E+002
   3.19185  32   4   4 -0.1651682068718011E+002 -0.1552201690241090E+002  0.3203883758959100E+002
#  0.320388E+002   0.289727E-015   0.289727E-015
#  0.289727E-015  -0.160194E+002   0.497402E+000
#  0.289727E-015   0.497402E+000  -0.160194E+002
   3.21395  32   3   3 -0.1677457640599059E+002 -0.1619793393349342E+002  0.3297251033948402E+002
#  0.329725E+002   0.341131E-015   0.341131E-015
#  0.341131E-015  -0.164863E+002   0.288321E+000
#  0.341131E-015   0.288321E+000  -0.164863E+002
   3.23604  32   2   2 -0.1695997847964688E+002 -0.1669812404728092E+002  0.3365810252692779E+002
#  0.336581E+002   0.398217E-015   0.398217E-015
#  0.398217E-015  -0.168291E+002   0.130927E+000
#  0.398217E-015   0.130927E+000  -0.168291E+002
   3.25814  32   1   1 -0.1707173523251706E+002 -0.1700542071610959E+002  0.3407715594862665E+002
#  0.340772E+002   0.441664E-015   0.441664E-015
#  0.441664E-015  -0.170386E+002   0.331573E-001
#  0.441664E-015   0.331573E-001  -0.170386E+002
   3.28024  32   0   0 -0.1710907331598458E+002 -0.1710907331598457E+002  0.3421814663196913E+002
#  0.342181E+002   0.457794E-015   0.457794E-015
#  0.457794E-015  -0.171091E+002   0.828494E-016
#  0.457794E-015   0.828494E-016  -0.171091E+002
   3.30234  32   1   1 -0.1707173523251706E+002 -0.1700542071610959E+002  0.3407715594862665E+002
#  0.340772E+002   0.441664E-015   0.441664E-015
#  0.441664E-015  -0.170386E+002   0.331573E-001
#  0.441664E-015   0.331573E-001  -0.170386E+002
   3.32443  32   2   2 -0.1695997847964688E+002 -0.1669812404728092E+002  0.3365810252692779E+002
#  0.336581E+002   0.398217E-015   0.398217E-015
#  0.398217E-015  -0.168291E+002   0.130927E+000
#  0.398217E-015   0.130927E+000  -0.168291E+002
   3.34653  32   3   3 -0.1677457640599059E+002 -0.1619793393349342E+002  0.3297251033948402E+002
#  0.329725E+002   0.341131E-015   0.341131E-015
#  0.341131E-015  -0.164863E+002   0.288321E+000
#  0.341131E-015   0.288321E+000  -0.164863E+002
   3.36863  32   4   4 -0.1651682068718011E+002 -0.1552201690241090E+002  0.3203883758959100E+002
#  0.320388E+002   0.289727E-015   0.289727E-015
#  0.289727E-015  -0.160194E+002   0.497402E+000
#  0.289727E-015   0.497402E+000  -0.160194E+002
   3.39072  32   5   5 -0.1618852514646855E+002 -0.1469291100074714E+002  0.3088143614721569E+002
#  0.308814E+002   0.263897E-015   0.263897E-015
#  0.263897E-015  -0.154407E+002   0.747807E+000
#  0.263897E-015   0.747807E+000  -0.154407E+002
   3.41282  32   6   6 -0.1579203046522348E+002 -0.1373721458027425E+002  0.2952924504549773E+002
#  0.295292E+002   0.276838E-015   0.276838E-015
#  0.276838E-015  -0.147646E+002   0.102741E+001
#  0.276838E-015   0.102741E+001  -0.147646E+002
   3.43492  32   7   7 -0.1533020915532217E+002 -0.1268413019346468E+002  0.2801433934878685E+002
#  0.280143E+002   0.328170E-015   0.328170E-015
#  0.328170E-015  -0.140072E+002   0.132304E+001
#  0.328170E-015   0.132304E+001  -0.140072E+002
   3.45702  32   8   8 -0.1480647000200626E+002 -0.1156398643380500E+002  0.2637045643581127E+002
#  0.263705E+002   0.402961E-015   0.402961E-015
#  0.402961E-015  -0.131852E+002   0.162124E+001
#  0.402961E-015   0.162124E+001  -0.131852E+002
   3.47911  32   9   9 -0.1422476103621249E+002 -0.1040684657112011E+002  0.2463160760733260E+002
#  0.246316E+002   0.479144E-015   0.479144E-015
#  0.479144E-015  -0.123158E+002   0.190896E+001
#  0.479144E-015   0.190896E+001  -0.123158E+002
   3.50121  32  10  10 -0.1358956996485277E+002 -0.9241288476433015E+001  0.2283085844128578E+002
#  0.228309E+002   0.537887E-015   0.537887E-015
#  0.537887E-015  -0.114154E+002   0.217414E+001
#  0.537887E-015   0.217414E+001  -0.114154E+002
   3.52331  32  11  11 -0.1290592088200319E+002 -0.8093411045831072E+001  0.2099933192783426E+002
#  0.209993E+002   0.568363E-015   0.568363E-015
#  0.568363E-015  -0.104997E+002   0.240625E+001
#  0.568363E-015   0.240625E+001  -0.104997E+002
   3.54540  32  12  12 -0.1217936601039785E+002 -0.6986093190916285E+001  0.1916545920131414E+002
#  0.191655E+002   0.564905E-015   0.564905E-015
#  0.564905E-015  -0.958273E+001   0.259664E+001
#  0.564905E-015   0.259664E+001  -0.958273E+001
   3.56750  32  13  13 -0.1141597118862942E+002 -0.5938506273479609E+001  0.1735447746210902E+002
#  0.173545E+002   0.522910E-015   0.522910E-015
#  0.522910E-015  -0.867724E+001   0.273873E+001
#  0.522910E-015   0.273873E+001  -0.867724E+001
   3.58960  32  14  14 -0.1062229383301354E+002 -0.4965861799847248E+001  0.1558815563286079E+002
#  0.155882E+002   0.439880E-015   0.439880E-015
#  0.439880E-015  -0.779408E+001   0.282822E+001
#  0.439880E-015   0.282822E+001  -0.779408E+001
   3.61170  32  15  15 -0.9805352172023561E+001 -0.4079363885993621E+001  0.1388471605801718E+002
#  0.138847E+002   0.320542E-015   0.320542E-015
#  0.320542E-015  -0.694236E+001   0.286299E+001
#  0.320542E-015   0.286299E+001  -0.694236E+001
   3.63379  32  16  16 -0.8972584682591325E+001 -0.3286329916098886E+001  0.1225891459869021E+002
#  0.122589E+002   0.179644E-015   0.179644E-015
#  0.179644E-015  -0.612946E+001   0.284313E+001
#  0.179644E-015   0.284313E+001  -0.612946E+001
   3.65589  32  17  17 -0.8131798856847197E+001 -0.2590441706218936E+001  0.1072224056306613E+002
#  0.107222E+002   0.378492E-016   0.378492E-016
#  0.378492E-016  -0.536112E+001   0.277068E+001
#  0.378492E-016   0.277068E+001  -0.536112E+001
   3.67799  32  18  18 -0.7291108697971178E+001 -0.1992091852336316E+001  0.9283200550307493E+001
#  0.928320E+001  -0.876072E-016  -0.876072E-016
# -0.876072E-016  -0.464160E+001   0.264951E+001
# -0.876072E-016   0.264951E+001  -0.464160E+001
   3.70008  32  19  19 -0.6458860684219642E+001 -0.1488794350854736E+001  0.7947655035074376E+001
#  0.794766E+001  -0.190790E-015  -0.190790E-015
# -0.190790E-015  -0.397383E+001   0.248503E+001
# -0.190790E-015   0.248503E+001  -0.397383E+001
   3.72218  32  20  20 -0.5643548345983323E+001 -0.1075633842244178E+001  0.6719182188227501E+001
#  0.671918E+001  -0.277081E-015  -0.277081E-015
# -0.277081E-015  -0.335959E+001   0.228396E+001
# -0.277081E-015   0.228396E+001  -0.335959E+001
   3.74428  32  21  21 -0.4853716061928043E+001 -0.7457330822115074E+000  0.5599449144139551E+001
#  0.559945E+001  -0.355424E-015  -0.355424E-015
# -0.355424E-015  -0.279972E+001   0.205399E+001
# -0.355424E-015   0.205399E+001  -0.279972E+001
   3.76637  32  22  22 -0.4097853181335775E+001 -0.4907229458183020E+000  0.4588576127154075E+001
#  0.458858E+001  -0.430033E-015  -0.430033E-015
# -0.430033E-015  -0.229429E+001   0.180357E+001
# -0.430033E-015   0.180357E+001  -0.229429E+001
   3.78847  32  23  23 -0.3384280099618149E+001 -0.3012031438034098E+000  0.3685483243421562E+001
#  0.368548E+001  -0.498876E-015  -0.498876E-015
# -0.498876E-015  -0.184274E+001   0.154154E+001
# -0.498876E-015   0.154154E+001  -0.184274E+001
   3.81057  32  24  24 -0.2721028426520817E+001 -0.1671848040689358E+000  0.2888213230589755E+001
#  0.288821E+001  -0.559111E-015  -0.559111E-015
# -0.559111E-015  -0.144411E+001   0.127692E+001
# -0.559111E-015   0.127692E+001  -0.144411E+001
   3.83267  32  25  25 -0.2115717861813674E+001 -0.7850820678616266E-001  0.2194226068599838E+001
#  0.219423E+001  -0.612715E-015  -0.612715E-015
# -0.612715E-015  -0.109711E+001   0.101860E+001
# -0.612715E-015   0.101860E+001  -0.109711E+001
   3.85476  32  26  26 -0.1575432799218659E+001 -0.2523039871248522E-001  0.1600663197931147E+001
#  0.160066E+001  -0.665763E-015  -0.665763E-015
# -0.665763E-015  -0.800332E+000   0.775101E+000
# -0.665763E-015   0.775101E+000  -0.800332E+000
   3.87686  32  27  27 -0.1106601984152670E+001  0.2021675049270588E-002  0.1104580309103406E+001
#  0.110458E+001  -0.722177E-015  -0.722177E-015
# -0.722177E-015  -0.552290E+000   0.554312E+000
# -0.722177E-015   0.554312E+000  -0.552290E+000
   3.89896  32  28  28 -0.7148847257055111E+000  0.1173631875929992E-001  0.7031484069462176E+000
#  0.703148E+000  -0.779338E-015  -0.779338E-015
# -0.779338E-015  -0.351574E+000   0.363311E+000
# -0.779338E-015   0.363311E+000  -0.351574E+000
   3.92105  32  29  29 -0.4050671850957792E+000  0.1124393398910843E-001  0.3938232511066763E+000
#  0.393823E+000  -0.830306E-015  -0.830306E-015
# -0.830306E-015  -0.196912E+000   0.208156E+000
# -0.830306E-015   0.208156E+000  -0.196912E+000
   3.94315  32  30  30 -0.1809721171152144E+000  0.6488671926528217E-002  0.1744834451886924E+000
#  0.174483E+000  -0.869047E-015  -0.869047E-015
# -0.869047E-015  -0.872417E-001   0.937304E-001
# -0.869047E-015   0.937304E-001  -0.872417E-001
   3.96525  32  31  31 -0.4538512391281291E-001  0.1847643522427334E-002  0.4353748039038557E-001
#  0.435375E-001  -0.892748E-015  -0.892748E-015
# -0.892748E-015  -0.217687E-001   0.236164E-001
# -0.892748E-015   0.236164E-001  -0.217687E-001
   3.98735  32  32  32 -0.1957870157038644E-014  0.2446987447937033E-014  0.4167396570435339E-014
# -0.155217E-014  -0.900681E-015  -0.900681E-015
# -0.900681E-015   0.310434E-014  -0.106305E-014
# -0.900681E-015  -0.106305E-014   0.310434E-014
   4.00297  32  32  31 -0.4347930068261071E-001  0.2173965034130441E-001  0.2173965034130940E-001
#  0.217397E-001  -0.902084E-015  -0.887735E-015
# -0.902084E-015   0.217397E-001  -0.105310E-014
# -0.887735E-015  -0.105310E-014  -0.434793E-001
   4.01860  32  32  30 -0.1735547978588829E+000  0.8677739892944127E-001  0.8677739892944625E-001
#  0.867774E-001  -0.906025E-015  -0.850221E-015
# -0.906025E-015   0.867774E-001  -0.102467E-014
# -0.850221E-015  -0.102467E-014  -0.173555E+000
   4.03422  32  32  29 -0.3891407864156752E+000  0.1945703932078381E+000  0.1945703932078431E+000
#  0.194570E+000  -0.911729E-015  -0.791871E-015
# -0.911729E-015   0.194570E+000  -0.981361E-015
# -0.791871E-015  -0.981361E-015  -0.389141E+000
   4.04985  32  32  28 -0.6884328363474543E+000  0.3442164181737277E+000  0.3442164181737322E+000
#  0.344216E+000  -0.918002E-015  -0.718055E-015
# -0.918002E-015   0.344216E+000  -0.927007E-015
# -0.718055E-015  -0.927007E-015  -0.688433E+000
   4.06547  32  32  27 -0.1068915572788022E+001  0.5344577863940098E+000  0.5344577863940149E+000
#  0.534458E+000  -0.923379E-015  -0.634613E-015
# -0.923379E-015   0.534458E+000  -0.863692E-015
# -0.634613E-015  -0.863692E-015  -0.106892E+001
   4.08110  32  32  26 -0.1527373886445387E+001  0.7636869432226918E+000  0.7636869432226975E+000
#  0.763687E+000  -0.926356E-015  -0.546585E-015
# -0.926356E-015   0.763687E+000  -0.790753E-015
# -0.546585E-015  -0.790753E-015  -0.152737E+001
   4.09672  32  32  25 -0.2059907878509573E+001  0.1029953939254785E+001  0.1029953939254790E+001
#  0.102995E+001  -0.925688E-015  -0.457371E-015
# -0.925688E-015   0.102995E+001  -0.705398E-015
# -0.457371E-015  -0.705398E-015  -0.205991E+001
   4.11235  32  32  24 -0.2661951910459021E+001  0.1330975955229509E+001  0.1330975955229514E+001
#  0.133098E+001  -0.920698E-015  -0.368702E-015
# -0.920698E-015   0.133098E+001  -0.604682E-015
# -0.368702E-015  -0.604682E-015  -0.266195E+001
   4.12797  32  32  23 -0.3328298180092022E+001  0.1664149090046009E+001  0.1664149090046015E+001
#  0.166415E+001  -0.911452E-015  -0.281378E-015
# -0.911452E-015   0.166415E+001  -0.487766E-015
# -0.281378E-015  -0.487766E-015  -0.332830E+001
   4.14360  32  32  22 -0.4053125277139937E+001  0.2026562638569966E+001  0.2026562638569970E+001
#  0.202656E+001  -0.898746E-015  -0.196225E-015
# -0.898746E-015   0.202656E+001  -0.357234E-015
# -0.196225E-015  -0.357234E-015  -0.405313E+001
   4.15922  32  32  21 -0.4830032181696946E+001  0.2415016090848470E+001  0.2415016090848475E+001
#  0.241502E+001  -0.883860E-015  -0.114652E-015
# -0.883860E-015   0.241502E+001  -0.218761E-015
# -0.114652E-015  -0.218761E-015  -0.483003E+001
   4.17485  32  32  20 -0.5652078153401713E+001  0.2826039076700853E+001  0.2826039076700857E+001
#  0.282604E+001  -0.868210E-015  -0.384746E-016
# -0.868210E-015   0.282604E+001  -0.794436E-016
# -0.384746E-016  -0.794436E-016  -0.565208E+001
   4.19047  32  32  19 -0.6511828916227296E+001  0.3255914458113645E+001  0.3255914458113650E+001
#  0.325591E+001  -0.853008E-015   0.307320E-016
# -0.853008E-015   0.325591E+001   0.542075E-016
#  0.307320E-016   0.542075E-016  -0.651183E+001
   4.20610  32  32  18 -0.7401409470893907E+001  0.3700704735446950E+001  0.3700704735446956E+001
#  0.370070E+001  -0.839020E-015   0.922113E-016
# -0.839020E-015   0.370070E+001   0.177492E-015
#  0.922113E-016   0.177492E-015  -0.740141E+001
   4.22172  32  32  17 -0.8312563763177405E+001  0.4156281881588699E+001  0.4156281881588704E+001
#  0.415628E+001  -0.826419E-015   0.146094E-015
# -0.826419E-015   0.415628E+001   0.287479E-015
#  0.146094E-015   0.287479E-015  -0.831256E+001
   4.23735  32  32  16 -0.9236721301691443E+001  0.4618360650845717E+001  0.4618360650845724E+001
#  0.461836E+001  -0.814750E-015   0.192923E-015
# -0.814750E-015   0.461836E+001   0.382032E-015
#  0.192923E-015   0.382032E-015  -0.923672E+001
   4.25297  32  32  15 -0.1016507065433718E+002  0.5082535327168589E+001  0.5082535327168594E+001
#  0.508254E+001  -0.802975E-015   0.232987E-015
# -0.802975E-015   0.508254E+001   0.458820E-015
#  0.232987E-015   0.458820E-015  -0.101651E+002
   4.26860  32  32  14 -0.1108863956132955E+002  0.5544319780664772E+001  0.5544319780664776E+001
#  0.554432E+001  -0.789686E-015   0.265957E-015
# -0.789686E-015   0.554432E+001   0.515152E-015
#  0.265957E-015   0.515152E-015  -0.110886E+002
   4.28422  32  32  13 -0.1199838118898733E+002  0.5999190594493658E+001  0.5999190594493665E+001
#  0.599919E+001  -0.773478E-015   0.291118E-015
# -0.773478E-015   0.599919E+001   0.548901E-015
#  0.291118E-015   0.548901E-015  -0.119984E+002
   4.29985  32  32  12 -0.1288526581852746E+002  0.6442632909263726E+001  0.6442632909263732E+001
#  0.644263E+001  -0.753449E-015   0.308139E-015
# -0.753449E-015   0.644263E+001   0.560035E-015
#  0.308139E-015   0.560035E-015  -0.128853E+002
   4.31547  32  32  11 -0.1374037702585321E+002  0.6870188512926601E+001  0.6870188512926605E+001
#  0.687019E+001  -0.729662E-015   0.318019E-015
# -0.729662E-015   0.687019E+001   0.551813E-015
#  0.318019E-015   0.551813E-015  -0.137404E+002
   4.33110  32  32  10 -0.1455501117123709E+002  0.7277505585618539E+001  0.7277505585618544E+001
#  0.727751E+001  -0.703371E-015   0.323628E-015
# -0.703371E-015   0.727751E+001   0.530788E-015
#  0.323628E-015   0.530788E-015  -0.145550E+002
   4.34672  32  32   9 -0.1532077879257144E+002  0.7660389396285716E+001  0.7660389396285721E+001
#  0.766039E+001  -0.676872E-015   0.329426E-015
# -0.676872E-015   0.766039E+001   0.505376E-015
#  0.329426E-015   0.505376E-015  -0.153208E+002
   4.36235  32  32   8 -0.1602970629396688E+002  0.8014853146983434E+001  0.8014853146983441E+001
#  0.801485E+001  -0.652986E-015   0.340255E-015
# -0.652986E-015   0.801485E+001   0.483444E-015
#  0.340255E-015   0.483444E-015  -0.160297E+002
   4.37797  32  32   7 -0.1667433615458113E+002  0.8337168077290556E+001  0.8337168077290562E+001
#  0.833717E+001  -0.634343E-015   0.359623E-015
# -0.634343E-015   0.833717E+001   0.470005E-015
#  0.359623E-015   0.470005E-015  -0.166743E+002
   4.39360  32  32   6 -0.1724782376180224E+002  0.8623911880901113E+001  0.8623911880901117E+001
#  0.862391E+001  -0.622709E-015   0.388277E-015
# -0.622709E-015   0.862391E+001   0.466054E-015
#  0.388277E-015   0.466054E-015  -0.172478E+002
   4.40922  32  32   5 -0.1774402890815910E+002  0.8872014454079544E+001  0.8872014454079547E+001
#  0.887201E+001  -0.618537E-015   0.423794E-015
# -0.618537E-015   0.887201E+001   0.469092E-015
#  0.423794E-015   0.469092E-015  -0.177440E+002
   4.42485  32  32   4 -0.1815759999041075E+002  0.9078799995205371E+001  0.9078799995205371E+001
#  0.907880E+001  -0.620840E-015   0.461458E-015
# -0.620840E-015   0.907880E+001   0.474998E-015
#  0.461458E-015   0.474998E-015  -0.181576E+002
   4.44047  32  32   3 -0.1848404901724786E+002  0.9242024508623924E+001  0.9242024508623926E+001
#  0.924202E+001  -0.627400E-015   0.495954E-015
# -0.627400E-015   0.924202E+001   0.480224E-015
#  0.495954E-015   0.480224E-015  -0.184840E+002
   4.45610  32  32   2 -0.1871981567067007E+002  0.9359907835335033E+001  0.9359907835335033E+001
#  0.935991E+001  -0.635267E-015   0.522957E-015
# -0.635267E-015   0.935991E+001   0.483169E-015
#  0.522957E-015   0.483169E-015  -0.187198E+002
   4.47172  32  32   1 -0.1886231887342734E+002  0.9431159436713665E+001  0.9431159436713672E+001
#  0.943116E+001  -0.641471E-015   0.539872E-015
# -0.641471E-015   0.943116E+001   0.484158E-015
#  0.539872E-015   0.484158E-015  -0.188623E+002
   4.48735  32  32   0 -0.1890999458514469E+002  0.9454997292572337E+001  0.9454997292572338E+001
#  0.945500E+001  -0.643810E-015   0.545597E-015
# -0.643810E-015   0.945500E+001   0.484300E-015
#  0.545597E-015   0.484300E-015  -0.189100E+002
