   0.00000   0   0   0 -0.3036381645221649E+001 -0.3036381645221646E+001  41.350760616227994
# -0.303638E+001  -0.340683E-015  -0.340683E-015
# -0.340683E-015  -0.303638E+001   0.353557E-015
# -0.340683E-015   0.353557E-015  -0.303638E+001
   0.01563   1   0   0 -0.3034090301808446E+001 -0.3034090301808440E+001  0.4133562265765611E+002
#  0.413356E+002   0.441673E-015   0.441673E-015
#  0.441673E-015  -0.303409E+001  -0.822598E-015
#  0.441673E-015  -0.822598E-015  -0.303409E+001
   0.03125   2   0   0 -0.3027237241656323E+001 -0.3027237241656323E+001  0.4129035237515248E+002
#  0.412904E+002  -0.167046E-015  -0.167046E-015
# -0.167046E-015  -0.302724E+001  -0.322338E-015
# -0.167046E-015  -0.322338E-015  -0.302724E+001
   0.04688   3   0   0 -0.3015885215803282E+001 -0.3015885215803280E+001  0.4121537925092969E+002
#  0.412154E+002   0.450489E-015   0.450489E-015
#  0.450489E-015  -0.301589E+001   0.608003E-015
#  0.450489E-015   0.608003E-015  -0.301589E+001
   0.06250   4   0   0 -0.3000138278404876E+001 -0.3000138278404869E+001  0.4111141477304051E+002
#  0.411114E+002   0.123531E-015   0.123531E-015
#  0.123531E-015  -0.300014E+001  -0.443659E-016
#  0.123531E-015  -0.443659E-016  -0.300014E+001
   0.07813   5   0   0 -0.2980140989887076E+001 -0.2980140989887070E+001  0.4097944599386103E+002
#  0.409794E+002  -0.233318E-015  -0.233318E-015
# -0.233318E-015  -0.298014E+001   0.891636E-015
# -0.233318E-015   0.891636E-015  -0.298014E+001
   0.09375   6   0   0 -0.2956077300640296E+001 -0.2956077300640294E+001  0.4082072657601700E+002
#  0.408207E+002  -0.138925E-015  -0.138925E-015
# -0.138925E-015  -0.295608E+001   0.104177E-014
# -0.138925E-015   0.104177E-014  -0.295608E+001
   0.10938   7   0   0 -0.2928169115109423E+001 -0.2928169115109416E+001  0.4063676539019283E+002
#  0.406368E+002   0.179707E-015   0.179707E-015
#  0.179707E-015  -0.292817E+001  -0.211024E-015
#  0.179707E-015  -0.211024E-015  -0.292817E+001
   0.12500   8   0   0 -0.2896674536878523E+001 -0.2896674536878522E+001  0.4042931274817393E+002
#  0.404293E+002   0.328873E-015   0.328873E-015
#  0.328873E-015  -0.289667E+001   0.852099E-015
#  0.328873E-015   0.852099E-015  -0.289667E+001
   0.14063   9   0   0 -0.2861885796625448E+001 -0.2861885796625447E+001  0.4020034437365369E+002
#  0.402003E+002  -0.133541E-015  -0.133541E-015
# -0.133541E-015  -0.286189E+001   0.963141E-015
# -0.133541E-015   0.963141E-015  -0.286189E+001
   0.15625  10   0   0 -0.2824126866686245E+001 -0.2824126866686242E+001  0.3995204323274550E+002
#  0.399520E+002  -0.545023E-017  -0.545023E-017
# -0.545023E-017  -0.282413E+001   0.764445E-015
# -0.545023E-017   0.764445E-015  -0.282413E+001
   0.17188  11   0   0 -0.2783750768449665E+001 -0.2783750768449663E+001  0.3968677936567610E+002
#  0.396868E+002  -0.347975E-015  -0.347975E-015
# -0.347975E-015  -0.278375E+001   0.464729E-015
# -0.347975E-015   0.464729E-015  -0.278375E+001
   0.18750  12   0   0 -0.2741136581888899E+001 -0.2741136581888896E+001  0.3940708788064407E+002
#  0.394071E+002   0.291111E-016   0.291111E-016
#  0.291111E-016  -0.274114E+001   0.764947E-015
#  0.291111E-016   0.764947E-015  -0.274114E+001
   0.20313  13   0   0 -0.2696686170191247E+001 -0.2696686170191245E+001  0.3911564529009608E+002
#  0.391156E+002   0.195923E-015   0.195923E-015
#  0.195923E-015  -0.269669E+001   0.279521E-015
#  0.195923E-015   0.279521E-015  -0.269669E+001
   0.21875  14   0   0 -0.2650820636593061E+001 -0.2650820636593055E+001  0.3881524438844308E+002
#  0.388152E+002  -0.403441E-015  -0.403441E-015
# -0.403441E-015  -0.265082E+001   0.788001E-015
# -0.403441E-015   0.788001E-015  -0.265082E+001
   0.23438  15   0   0 -0.2603976535063728E+001 -0.2603976535063723E+001  0.3850876788820018E+002
#  0.385088E+002  -0.718071E-016  -0.718071E-016
# -0.718071E-016  -0.260398E+001   0.265528E-015
# -0.718071E-016   0.265528E-015  -0.260398E+001
   0.25000  16   0   0 -0.2556601861283451E+001 -0.2556601861283449E+001  0.3819916104835163E+002
#  0.381992E+002  -0.793023E-016  -0.793023E-016
# -0.793023E-016  -0.255660E+001   0.515125E-015
# -0.793023E-016   0.515125E-015  -0.255660E+001
   0.26563  17   0   0 -0.2509151855274702E+001 -0.2509151855274697E+001  0.3788940354404612E+002
#  0.378894E+002  -0.161558E-015  -0.161558E-015
# -0.161558E-015  -0.250915E+001   0.559068E-015
# -0.161558E-015   0.559068E-015  -0.250915E+001
   0.28125  18   0   0 -0.2462084651917684E+001 -0.2462084651917682E+001  0.3758248084014784E+002
#  0.375825E+002  -0.133387E-016  -0.133387E-016
# -0.133387E-016  -0.246208E+001   0.759537E-015
# -0.133387E-016   0.759537E-015  -0.246208E+001
   0.29688  19   0   0 -0.2415856820235995E+001 -0.2415856820235994E+001  0.3728135534232784E+002
#  0.372814E+002  -0.362094E-015  -0.362094E-015
# -0.362094E-015  -0.241586E+001   0.778246E-015
# -0.362094E-015   0.778246E-015  -0.241586E+001
   0.31250  20   0   0 -0.2370918836610276E+001 -0.2370918836610270E+001  0.3698893760792368E+002
#  0.369889E+002  -0.225313E-015  -0.225313E-015
# -0.225313E-015  -0.237092E+001   0.410077E-015
# -0.225313E-015   0.410077E-015  -0.237092E+001
   0.32813  21   0   0 -0.2327710540801670E+001 -0.2327710540801665E+001  0.3670805790439599E+002
#  0.367081E+002   0.303582E-015   0.303582E-015
#  0.303582E-015  -0.232771E+001   0.398833E-015
#  0.303582E-015   0.398833E-015  -0.232771E+001
   0.34375  22   0   0 -0.2286656626691803E+001 -0.2286656626691801E+001  0.3644143840558004E+002
#  0.364414E+002  -0.135537E-016  -0.135537E-016
# -0.135537E-016  -0.228666E+001   0.112796E-014
# -0.135537E-016   0.112796E-014  -0.228666E+001
   0.35938  23   0   0 -0.2248162221836807E+001 -0.2248162221836803E+001  0.3619166631484025E+002
#  0.361917E+002   0.948710E-016   0.948710E-016
#  0.948710E-016  -0.224816E+001   0.359081E-015
#  0.948710E-016   0.359081E-015  -0.224816E+001
   0.37500  24   0   0 -0.2212608611179220E+001 -0.2212608611179215E+001  0.3596116819951099E+002
#  0.359612E+002  -0.303575E-015  -0.303575E-015
# -0.303575E-015  -0.221261E+001   0.339565E-015
# -0.303575E-015   0.339565E-015  -0.221261E+001
   0.39063  25   0   0 -0.2180349160478267E+001 -0.2180349160478265E+001  0.3575218581255199E+002
#  0.357522E+002  -0.996658E-016  -0.996658E-016
# -0.996658E-016  -0.218035E+001   0.349986E-015
# -0.996658E-016   0.349986E-015  -0.218035E+001
   0.40625  26   0   0 -0.2151705494149398E+001 -0.2151705494149390E+001  0.3556675366513185E+002
#  0.355668E+002   0.190656E-015   0.190656E-015
#  0.190656E-015  -0.215171E+001  -0.221959E-015
#  0.190656E-015  -0.221959E-015  -0.215171E+001
   0.42188  27   0   0 -0.2126963980226018E+001 -0.2126963980226017E+001  0.3540667859793458E+002
#  0.354067E+002   0.271841E-015   0.271841E-015
#  0.271841E-015  -0.212696E+001   0.568088E-015
#  0.271841E-015   0.568088E-015  -0.212696E+001
   0.43750  28   0   0 -0.2106372572076153E+001 -0.2106372572076152E+001  0.3527352157949097E+002
#  0.352735E+002   0.681195E-016   0.681195E-016
#  0.681195E-016  -0.210637E+001  -0.574885E-015
#  0.681195E-016  -0.574885E-015  -0.210637E+001
   0.45313  29   0   0 -0.2090138052365432E+001 -0.2090138052365425E+001  0.3516858193697714E+002
#  0.351686E+002  -0.284884E-015  -0.284884E-015
# -0.284884E-015  -0.209014E+001  -0.173618E-015
# -0.284884E-015  -0.173618E-015  -0.209014E+001
   0.46875  30   0   0 -0.2078423719625569E+001 -0.2078423719625565E+001  0.3509288419898074E+002
#  0.350929E+002   0.551099E-015   0.551099E-015
#  0.551099E-015  -0.207842E+001   0.806333E-015
#  0.551099E-015   0.806333E-015  -0.207842E+001
   0.48438  31   0   0 -0.2071347551763576E+001 -0.2071347551763566E+001  0.3504716770105733E+002
#  0.350472E+002  -0.243243E-015  -0.243243E-015
# -0.243243E-015  -0.207135E+001   0.312312E-016
# -0.243243E-015   0.312312E-016  -0.207135E+001
   0.50000  32   0   0 -0.2068980874056344E+001 -0.2068980874056336E+001  0.3503187907389738E+002
#  0.350319E+002   0.457794E-015   0.457794E-015
#  0.457794E-015  -0.206898E+001   0.828494E-016
#  0.457794E-015   0.828494E-016  -0.206898E+001
   0.51563  32   1   0 -0.2067649726042337E+001 -0.1972517869724288E+001  0.3501709927066803E+002
#  0.350171E+002   0.453957E-015   0.453502E-015
#  0.453957E-015  -0.197252E+001   0.707381E-016
#  0.453502E-015   0.707381E-016  -0.206765E+001
   0.53125  32   2   0 -0.2063668662413860E+001 -0.1684432518549583E+001  0.3497327642965254E+002
#  0.349733E+002   0.443863E-015   0.440966E-015
#  0.443863E-015  -0.168443E+001  -0.407070E-016
#  0.440966E-015  -0.407070E-016  -0.206367E+001
   0.54688  32   3   0 -0.2057074722173249E+001 -0.1208603859922965E+001  0.3490193590792480E+002
#  0.349019E+002   0.431160E-015   0.421270E-015
#  0.431160E-015  -0.120860E+001  -0.728842E-016
#  0.421270E-015  -0.728842E-016  -0.205707E+001
   0.56250  32   4   0 -0.2047929296519159E+001 -0.5513920771033431E+000  0.3480554033481913E+002
#  0.348055E+002   0.420200E-015   0.396376E-015
#  0.420200E-015  -0.551392E+000  -0.120709E-015
#  0.396376E-015  -0.120709E-015  -0.204793E+001
   0.57813  32   5   0 -0.2036317619288832E+001  0.2785133465125398E+000  0.3468737538544824E+002
#  0.346874E+002   0.414242E-015   0.369146E-015
#  0.414242E-015   0.278513E+000  -0.162202E-015
#  0.369146E-015  -0.162202E-015  -0.203632E+001
   0.59375  32   6   0 -0.2022348055959911E+001  0.1270295721453136E+001  0.3455139983811808E+002
#  0.345514E+002   0.414139E-015   0.343117E-015
#  0.414139E-015   0.127030E+001  -0.211811E-016
#  0.343117E-015  -0.211811E-016  -0.202235E+001
   0.60938  32   7   0 -0.2006151193781466E+001  0.2411254052958793E+001  0.3440206885272448E+002
#  0.344021E+002   0.418035E-015   0.322026E-015
#  0.418035E-015   0.241125E+001  -0.908248E-016
#  0.322026E-015  -0.908248E-016  -0.200615E+001
   0.62500  32   8   0 -0.1987878736593434E+001  0.3687075955576215E+001  0.3424414062050209E+002
#  0.342441E+002   0.422085E-015   0.309197E-015
#  0.422085E-015   0.368708E+001  -0.252500E-015
#  0.309197E-015  -0.252500E-015  -0.198788E+001
   0.64063  32   9   0 -0.1967702209054353E+001  0.5082129227962389E+001  0.3408247696655226E+002
#  0.340825E+002   0.421798E-015   0.306950E-015
#  0.421798E-015   0.508213E+001  -0.245077E-015
#  0.306950E-015  -0.245077E-015  -0.196770E+001
   0.65625  32  10   0 -0.1945811476345982E+001  0.6579760934612037E+001  0.3392184816430733E+002
#  0.339218E+002   0.413394E-015   0.316152E-015
#  0.413394E-015   0.657976E+001  -0.329767E-015
#  0.316152E-015  -0.329767E-015  -0.194581E+001
   0.67188  32  11   0 -0.1922413086964681E+001  0.8162593705042555E+001  0.3376675124417402E+002
#  0.337668E+002   0.394624E-015   0.336010E-015
#  0.394624E-015   0.816259E+001  -0.320205E-015
#  0.336010E-015  -0.320205E-015  -0.192241E+001
   0.68750  32  12   0 -0.1897728447938466E+001  0.9812810340639208E+001  0.3362124959579631E+002
#  0.336212E+002   0.364791E-015   0.364143E-015
#  0.364791E-015   0.981281E+001  -0.311814E-015
#  0.364143E-015  -0.311814E-015  -0.189773E+001
   0.70313  32  13   0 -0.1871991843704073E+001  0.1151241954048039E+002  0.3348883985007691E+002
#  0.334888E+002   0.324111E-015   0.396952E-015
#  0.324111E-015   0.115124E+002  -0.361876E-015
#  0.396952E-015  -0.361876E-015  -0.187199E+001
   0.71875  32  14   0 -0.1845448311912426E+001  0.1324349744201178E+002  0.3337235006219171E+002
#  0.333724E+002   0.272894E-015   0.430270E-015
#  0.272894E-015   0.132435E+002  -0.349475E-015
#  0.430270E-015  -0.349475E-015  -0.184545E+001
   0.73438  32  15   0 -0.1818351391559510E+001  0.1498840155823501E+002  0.3327387126325564E+002
#  0.332739E+002   0.211193E-015   0.460122E-015
#  0.211193E-015   0.149884E+002  -0.344697E-015
#  0.460122E-015  -0.344697E-015  -0.181835E+001
   0.75000  32  16   0 -0.1790960761013888E+001  0.1672995544755459E+002  0.3319472263924401E+002
#  0.331947E+002   0.139242E-015   0.483433E-015
#  0.139242E-015   0.167300E+002  -0.305837E-015
#  0.483433E-015  -0.305837E-015  -0.179096E+001
   0.76563  32  17   0 -0.1763539785671778E+001  0.1845160398000557E+002  0.3313544902730447E+002
#  0.331354E+002   0.584396E-016   0.498482E-015
#  0.584396E-016   0.184516E+002  -0.242227E-015
#  0.498482E-015  -0.242227E-015  -0.176354E+001
   0.78125  32  18   0 -0.1736352997052048E+001  0.2013754030713455E+002  0.3309584814919589E+002
#  0.330958E+002  -0.279063E-016   0.505044E-015
# -0.279063E-016   0.201375E+002  -0.201940E-015
#  0.505044E-015  -0.201940E-015  -0.173635E+001
   0.79688  32  19   0 -0.1709663527079559E+001  0.2177280658040624E+002  0.3307502405138953E+002
#  0.330750E+002  -0.114820E-015   0.504210E-015
# -0.114820E-015   0.217728E+002  -0.107957E-015
#  0.504210E-015  -0.107957E-015  -0.170966E+001
   0.81250  32  20   0 -0.1683730523026597E+001  0.2334337110165654E+002  0.3307146258444244E+002
#  0.330715E+002  -0.197055E-015   0.498042E-015
# -0.197055E-015   0.233434E+002  -0.657577E-016
#  0.498042E-015  -0.657577E-016  -0.168373E+001
   0.82813  32  21   0 -0.1658806570024556E+001  0.2483618495694201E+002  0.3308312440240010E+002
#  0.330831E+002  -0.270972E-015   0.489143E-015
# -0.270972E-015   0.248362E+002   0.420219E-016
#  0.489143E-015   0.420219E-016  -0.165881E+001
   0.84375  32  22   0 -0.1635135149157641E+001  0.2623922132352006E+002  0.3310755085463364E+002
#  0.331076E+002  -0.335760E-015   0.480229E-015
# -0.335760E-015   0.262392E+002   0.163755E-015
#  0.480229E-015   0.163755E-015  -0.163514E+001
   0.85938  32  23   0 -0.1612948159854593E+001  0.2754150059618188E+002  0.3314197822978184E+002
#  0.331420E+002  -0.393193E-015   0.473731E-015
# -0.393193E-015   0.275415E+002   0.188013E-015
#  0.473731E-015   0.188013E-015  -0.161295E+001
   0.87500  32  24   0 -0.1592463535555751E+001  0.2873310430179075E+002  0.3318345604584957E+002
#  0.331835E+002  -0.445965E-015   0.471447E-015
# -0.445965E-015   0.287331E+002   0.292648E-015
#  0.471447E-015   0.292648E-015  -0.159246E+001
   0.89063  32  25   0 -0.1573882981417732E+001  0.2980518050409140E+002  0.3322896541699397E+002
#  0.332290E+002  -0.495625E-015   0.474286E-015
# -0.495625E-015   0.298052E+002   0.218128E-015
#  0.474286E-015   0.218128E-015  -0.157388E+001
   0.90625  32  26   0 -0.1557389862102923E+001  0.3074994308291510E+002  0.3327553392714595E+002
#  0.332755E+002  -0.541390E-015   0.482157E-015
# -0.541390E-015   0.307499E+002   0.231095E-015
#  0.482157E-015   0.231095E-015  -0.155739E+001
   0.92188  32  27   0 -0.1543147266477686E+001  0.3156066693362175E+002  0.3332034387175342E+002
#  0.333203E+002  -0.580568E-015   0.494033E-015
# -0.580568E-015   0.315607E+002   0.451410E-015
#  0.494033E-015   0.451410E-015  -0.154315E+001
   0.93750  32  28   0 -0.1531296274315238E+001  0.3223168079708540E+002  0.3336083116760263E+002
#  0.333608E+002  -0.610290E-015   0.508169E-015
# -0.610290E-015   0.322317E+002   0.480395E-015
#  0.508169E-015   0.480395E-015  -0.153130E+001
   0.95313  32  29   0 -0.1521954447886298E+001  0.3275835911352574E+002  0.3339477266010143E+002
#  0.333948E+002  -0.629390E-015   0.522415E-015
# -0.629390E-015   0.327584E+002   0.506397E-015
#  0.522415E-015   0.506397E-015  -0.152195E+001
   0.96875  32  30   0 -0.1515214568654141E+001  0.3313711400432444E+002  0.3342035996721005E+002
#  0.334204E+002  -0.639233E-015   0.534567E-015
# -0.639233E-015   0.331371E+002   0.548220E-015
#  0.534567E-015   0.548220E-015  -0.151521E+001
   0.98438  32  31   0 -0.1511143636217156E+001  0.3336538822852395E+002  0.3343625838436125E+002
#  0.334363E+002  -0.642991E-015   0.542725E-015
# -0.642991E-015   0.333654E+002   0.471242E-015
#  0.542725E-015   0.471242E-015  -0.151114E+001
   1.00000  32  32   0 -0.1509782143216448E+001  0.3344164973450058E+002  0.3344164973450058E+002
#  0.334416E+002  -0.643810E-015   0.545597E-015
# -0.643810E-015   0.334416E+002   0.484300E-015
#  0.545597E-015   0.484300E-015  -0.150978E+001
   1.02210  31  31   0 -0.1512507598692682E+001  0.3329494067744702E+002  0.3342528083044685E+002
#  0.333601E+002   0.651701E-001  -0.472476E-015
#  0.651701E-001   0.333601E+002   0.158414E-015
# -0.472476E-015   0.158414E-015  -0.151251E+001
   1.04419  30  30   0 -0.1520686304406837E+001  0.3285798106722787E+002  0.3337729388776275E+002
#  0.331176E+002   0.259656E+000   0.282782E-015
#  0.259656E+000   0.331176E+002  -0.439721E-015
#  0.282782E-015  -0.439721E-015  -0.152069E+001
   1.06629  29  29   0 -0.1534324073686079E+001  0.3214017065397249E+002  0.3330100536969728E+002
#  0.327206E+002   0.580417E+000  -0.122475E-014
#  0.580417E+000   0.327206E+002   0.177935E-015
# -0.122475E-014   0.177935E-015  -0.153432E+001
   1.08839  28  28   0 -0.1553426643950161E+001  0.3115683690554211E+002  0.3320180099706780E+002
#  0.321793E+002   0.102248E+001  -0.223098E-015
#  0.102248E+001   0.321793E+002   0.639976E-015
# -0.223098E-015   0.639976E-015  -0.155343E+001
   1.11049  27  27   0 -0.1577993969156875E+001  0.2992874173665578E+002  0.3308692705229632E+002
#  0.315078E+002   0.157909E+001   0.124432E-015
#  0.157909E+001   0.315078E+002  -0.143856E-015
#  0.124432E-015  -0.143856E-015  -0.157799E+001
   1.13258  26  26   0 -0.1608012657486825E+001  0.2848141988995432E+002  0.3296520607363129E+002
#  0.307233E+002   0.224189E+001  -0.273851E-015
#  0.224189E+001   0.307233E+002   0.525983E-015
# -0.273851E-015   0.525983E-015  -0.160801E+001
   1.15468  25  25   0 -0.1643446957412923E+001  0.2684437603122977E+002  0.3284668501240299E+002
#  0.298455E+002   0.300115E+001   0.713055E-017
#  0.300115E+001   0.298455E+002  -0.324380E-015
#  0.713055E-017  -0.324380E-015  -0.164345E+001
   1.17678  24  24   0 -0.1684228776029627E+001  0.2505017282046730E+002  0.3274222641901474E+002
#  0.288962E+002   0.384603E+001  -0.703476E-015
#  0.384603E+001   0.288962E+002  -0.648628E-016
# -0.703476E-015  -0.648628E-016  -0.168423E+001
   1.19887  23  23   0 -0.1730247270826101E+001  0.2313344580642557E+002  0.3266305569515012E+002
#  0.278983E+002   0.476480E+001  -0.193479E-015
#  0.476480E+001   0.278983E+002  -0.480755E-016
# -0.193479E-015  -0.480755E-016  -0.173025E+001
   1.22097  22  22   0 -0.1781338587309470E+001  0.2112988287669045E+002  0.3262027975893447E+002
#  0.268751E+002   0.574520E+001  -0.252728E-015
#  0.574520E+001   0.268751E+002  -0.400905E-015
# -0.252728E-015  -0.400905E-015  -0.178134E+001
   1.24307  21  21   0 -0.1837276318679123E+001  0.1907520619496862E+002  0.3262439444083610E+002
#  0.258498E+002   0.677459E+001  -0.556732E-015
#  0.677459E+001   0.258498E+002   0.195997E-015
# -0.556732E-015   0.195997E-015  -0.183728E+001
   1.26517  20  20   0 -0.1897763240164958E+001  0.1700419317975635E+002  0.3268479937366646E+002
#  0.248445E+002   0.784030E+001  -0.374466E-015
#  0.784030E+001   0.248445E+002  -0.691473E-016
# -0.374466E-015  -0.691473E-016  -0.189776E+001
   1.28726  19  19   0 -0.1962424821102870E+001  0.1494977029787432E+002  0.3280933988623460E+002
#  0.238796E+002   0.892978E+001  -0.398630E-015
#  0.892978E+001   0.238796E+002  -0.124643E-015
# -0.398630E-015  -0.124643E-015  -0.196242E+001
   1.30936  18  18   0 -0.2030804945052804E+001  0.1294220948157186E+002  0.3300389531952855E+002
#  0.229731E+002   0.100308E+002  -0.451730E-015
#  0.100308E+002   0.229731E+002  -0.522566E-015
# -0.451730E-015  -0.522566E-015  -0.203080E+001
   1.33146  17  17   0 -0.2102364176135387E+001  0.1100845207122458E+002  0.3327203217347342E+002
#  0.221402E+002   0.111318E+002  -0.223167E-015
#  0.111318E+002   0.221402E+002  -0.125287E-015
# -0.223167E-015  -0.125287E-015  -0.210236E+001
   1.35355  16  16   0 -0.2176480803048168E+001  0.9171579585853326E+001  0.3361473854297957E+002
#  0.213932E+002   0.122216E+002  -0.146115E-015
#  0.122216E+002   0.213932E+002  -0.274284E-015
# -0.146115E-015  -0.274284E-015  -0.217648E+001
   1.37565  15  15   0 -0.2252454776333487E+001  0.7450444574227944E+001  0.3403025346353704E+002
#  0.207403E+002   0.132899E+002   0.117225E-015
#  0.132899E+002   0.207403E+002  -0.632113E-016
#  0.117225E-015  -0.632113E-016  -0.225245E+001
   1.39775  14  14   0 -0.2329514535128983E+001  0.5859468531170583E+001  0.3451400117196316E+002
#  0.201867E+002   0.143273E+002  -0.197850E-015
#  0.143273E+002   0.201867E+002  -0.334567E-015
# -0.197850E-015  -0.334567E-015  -0.232951E+001
   1.41984  13  13   0 -0.2406826602537190E+001  0.4408607591897169E+001  0.3505863606364090E+002
#  0.197336E+002   0.153250E+002   0.792523E-015
#  0.153250E+002   0.197336E+002   0.254937E-015
#  0.792523E-015   0.254937E-015  -0.240683E+001
   1.44194  12  12   0 -0.2483507719243791E+001  0.3103480639849443E+001  0.3565419950023997E+002
#  0.193788E+002   0.162754E+002   0.131405E-015
#  0.162754E+002   0.193788E+002   0.289333E-016
#  0.131405E-015   0.289333E-016  -0.248351E+001
   1.46404  11  11   0 -0.2558639187773272E+001  0.1945648761339132E+001  0.3628838482247817E+002
#  0.191170E+002   0.171714E+002  -0.680447E-015
#  0.171714E+002   0.191170E+002   0.220699E-015
# -0.680447E-015   0.220699E-015  -0.255864E+001
   1.48614  10  10   0 -0.2631283018565677E+001  0.9330298170351448E+000  0.3694690219059990E+002
#  0.189400E+002   0.180069E+002   0.674608E-017
#  0.180069E+002   0.189400E+002   0.647489E-015
#  0.674608E-017   0.647489E-015  -0.263128E+001
   1.50823   9   9   0 -0.2700499406564809E+001  0.6042742137289947E-001  0.3761393044452882E+002
#  0.188372E+002   0.187768E+002   0.129457E-014
#  0.187768E+002   0.188372E+002   0.755211E-015
#  0.129457E-014   0.755211E-015  -0.270050E+001
   1.53033   8   8   0 -0.2765365024725098E+001 -0.6798500479759895E+000  0.3827263926081810E+002
#  0.187964E+002   0.194762E+002   0.793595E-015
#  0.194762E+002   0.187964E+002   0.625405E-016
#  0.793595E-015   0.625405E-016  -0.276537E+001
   1.55243   7   7   0 -0.2824991599093785E+001 -0.1297307544089280E+001  0.3890576167001561E+002
#  0.188042E+002   0.201015E+002   0.633895E-015
#  0.201015E+002   0.188042E+002  -0.673744E-015
#  0.633895E-015  -0.673744E-015  -0.282499E+001
   1.57452   6   6   0 -0.2878544228147472E+001 -0.1802547446340287E+001  0.3949619463414307E+002
#  0.188468E+002   0.206494E+002   0.168350E-015
#  0.206494E+002   0.188468E+002  -0.225436E-015
#  0.168350E-015  -0.225436E-015  -0.287854E+001
   1.59662   5   5   0 -0.2925258925203030E+001 -0.2206549280034656E+001  0.4002760397541169E+002
#  0.189105E+002   0.211171E+002  -0.153466E-015
#  0.211171E+002   0.189105E+002   0.145035E-014
# -0.153466E-015   0.145035E-014  -0.292526E+001
   1.61872   4   4   0 -0.2964458894664196E+001 -0.2519974349297928E+001  0.4048500955433780E+002
#  0.189825E+002   0.215025E+002   0.549496E-015
#  0.215025E+002   0.189825E+002   0.681351E-015
#  0.549496E-015   0.681351E-015  -0.296446E+001
   1.64082   3   3   0 -0.2995569097907438E+001 -0.2752523197025507E+001  0.4085532723208122E+002
#  0.190514E+002   0.218039E+002   0.772464E-015
#  0.218039E+002   0.190514E+002   0.489385E-015
#  0.772464E-015   0.489385E-015  -0.299557E+001
   1.66291   2   2   0 -0.3018128719946967E+001 -0.2912371438475846E+001  0.4112784578692555E+002
#  0.191077E+002   0.220201E+002  -0.631060E-016
#  0.220201E+002   0.191077E+002   0.426077E-016
# -0.631060E-016   0.426077E-016  -0.301813E+001
   1.68501   1   1   0 -0.3031801210985043E+001 -0.3005706239817706E+001  0.4129461951474632E+002
#  0.191445E+002   0.221502E+002   0.473079E-015
#  0.221502E+002   0.191445E+002  -0.165420E-014
#  0.473079E-015  -0.165420E-014  -0.303180E+001
   1.70711   0   0   0 -0.3036381645221649E+001 -0.3036381645221646E+001  41.350760616227994
# -0.303638E+001  -0.340683E-015  -0.340683E-015
# -0.340683E-015  -0.303638E+001   0.353557E-015
# -0.340683E-015   0.353557E-015  -0.303638E+001
   1.73417   1   1   1 -0.3003334073051462E+001 -0.3003334073051452E+001  0.4125367475961240E+002
#  0.117490E+002   0.147523E+002   0.147523E+002
#  0.147523E+002   0.117490E+002   0.147523E+002
#  0.147523E+002   0.147523E+002   0.117490E+002
   1.76123   2   2   2 -0.2901953087032731E+001 -0.2901953087032720E+001  0.4096625956476178E+002
#  0.117208E+002   0.146227E+002   0.146227E+002
#  0.146227E+002   0.117208E+002   0.146227E+002
#  0.146227E+002   0.146227E+002   0.117208E+002
   1.78830   3   3   3 -0.2725737248640196E+001 -0.2725737248640189E+001  0.4049981960235566E+002
#  0.116828E+002   0.144085E+002   0.144085E+002
#  0.144085E+002   0.116828E+002   0.144085E+002
#  0.144085E+002   0.144085E+002   0.116828E+002
   1.81536   4   4   4 -0.2464544721386172E+001 -0.2464544721386160E+001  0.3987246989765696E+002
#  0.116478E+002   0.141123E+002   0.141123E+002
#  0.141123E+002   0.116478E+002   0.141123E+002
#  0.141123E+002   0.141123E+002   0.116478E+002
   1.84242   5   5   5 -0.2105574839635603E+001 -0.2105574839635595E+001  0.3910810146825358E+002
#  0.116323E+002   0.137379E+002   0.137379E+002
#  0.137379E+002   0.116323E+002   0.137379E+002
#  0.137379E+002   0.137379E+002   0.116323E+002
   1.86949   6   6   6 -0.1634628732927978E+001 -0.1634628732927975E+001  0.3823503736640334E+002
#  0.116553E+002   0.132899E+002   0.132899E+002
#  0.132899E+002   0.116553E+002   0.132899E+002
#  0.132899E+002   0.132899E+002   0.116553E+002
   1.89655   7   7   7 -0.1037546625537126E+001 -0.1037546625537123E+001  0.3728447328113913E+002
#  0.117365E+002   0.127740E+002   0.127740E+002
#  0.127740E+002   0.117365E+002   0.127740E+002
#  0.127740E+002   0.127740E+002   0.117365E+002
   1.92361   8   8   8 -0.3017051392847290E+000 -0.3017051392847250E+000  0.3628881003314127E+002
#  0.118951E+002   0.121968E+002   0.121968E+002
#  0.121968E+002   0.118951E+002   0.121968E+002
#  0.121968E+002   0.121968E+002   0.118951E+002
   1.95068   9   9   9  0.5825468536994350E+000  0.5825468536994410E+000  0.3527999006722763E+002
#  0.121484E+002   0.115658E+002   0.115658E+002
#  0.115658E+002   0.121484E+002   0.115658E+002
#  0.115658E+002   0.115658E+002   0.121484E+002
   1.97774  10  10  10  0.1620630165884623E+001  0.1620630165884625E+001  0.3428794610251228E+002
#  0.125097E+002   0.108891E+002   0.108891E+002
#  0.108891E+002   0.125097E+002   0.108891E+002
#  0.108891E+002   0.108891E+002   0.125097E+002
   2.00480  11  11  11  0.2812756766336535E+001  0.2812756766336541E+001  0.3333925797929350E+002
#  0.129883E+002   0.101755E+002   0.101755E+002
#  0.101755E+002   0.129883E+002   0.101755E+002
#  0.101755E+002   0.101755E+002   0.129883E+002
   2.03187  12  12  12  0.4153309682661077E+001  0.4153309682661082E+001  0.3245609467263667E+002
#  0.135876E+002   0.943426E+001   0.943426E+001
#  0.943426E+001   0.135876E+002   0.943426E+001
#  0.943426E+001   0.943426E+001   0.135876E+002
   2.05893  13  13  13  0.5630630990019672E+001  0.5630630990019681E+001  0.3165549421352540E+002
#  0.143056E+002   0.867495E+001   0.867495E+001
#  0.867495E+001   0.143056E+002   0.867495E+001
#  0.867495E+001   0.867495E+001   0.143056E+002
   2.08599  14  14  14  0.7227234353212832E+001  0.7227234353212834E+001  0.3094900703931319E+002
#  0.151345E+002   0.790726E+001   0.790726E+001
#  0.790726E+001   0.151345E+002   0.790726E+001
#  0.790726E+001   0.790726E+001   0.151345E+002
   2.11306  15  15  15  0.8920424204085297E+001  0.8920424204085297E+001  0.3034270042822439E+002
#  0.160612E+002   0.714076E+001   0.714076E+001
#  0.714076E+001   0.160612E+002   0.714076E+001
#  0.714076E+001   0.714076E+001   0.160612E+002
   2.14012  16  16  16  0.1068327093583802E+002  0.1068327093583802E+002  0.2983749545410867E+002
#  0.170680E+002   0.638474E+001   0.638474E+001
#  0.638474E+001   0.170680E+002   0.638474E+001
#  0.638474E+001   0.638474E+001   0.170680E+002
   2.16718  17  17  17  0.1248586322711675E+002  0.1248586322711675E+002  0.2942978537455802E+002
#  0.181338E+002   0.564797E+001   0.564797E+001
#  0.564797E+001   0.181338E+002   0.564797E+001
#  0.564797E+001   0.564797E+001   0.181338E+002
   2.19425  18  18  18  0.1429673715948532E+002  0.1429673715948533E+002  0.2911226716807977E+002
#  0.192352E+002   0.493851E+001   0.493851E+001
#  0.493851E+001   0.192352E+002   0.493851E+001
#  0.493851E+001   0.493851E+001   0.192352E+002
   2.22131  19  19  19  0.1608436897824881E+002  0.1608436897824882E+002  0.2887490716137280E+002
#  0.203479E+002   0.426351E+001   0.426351E+001
#  0.426351E+001   0.203479E+002   0.426351E+001
#  0.426351E+001   0.426351E+001   0.203479E+002
   2.24837  20  20  20  0.1781861524706868E+002  0.1781861524706869E+002  0.2870595784223516E+002
#  0.214477E+002   0.362911E+001   0.362911E+001
#  0.362911E+001   0.214477E+002   0.362911E+001
#  0.362911E+001   0.362911E+001   0.214477E+002
   2.27544  21  21  21  0.1947199099647454E+002  0.1947199099647455E+002  0.2859294595311955E+002
#  0.225123E+002   0.304032E+001   0.304032E+001
#  0.304032E+001   0.225123E+002   0.304032E+001
#  0.304032E+001   0.304032E+001   0.225123E+002
   2.30250  22  22  22  0.2102069262451247E+002  0.2102069262451247E+002  0.2852356118008543E+002
#  0.235216E+002   0.250096E+001   0.250096E+001
#  0.250096E+001   0.235216E+002   0.250096E+001
#  0.250096E+001   0.250096E+001   0.235216E+002
   2.32956  23  23  23  0.2244529630576248E+002  0.2244529630576248E+002  0.2848638911294032E+002
#  0.244590E+002   0.201370E+001   0.201370E+001
#  0.201370E+001   0.244590E+002   0.201370E+001
#  0.201370E+001   0.201370E+001   0.244590E+002
   2.35663  24  24  24  0.2373109233316990E+002  0.2373109233316992E+002  0.2847145023065783E+002
#  0.253112E+002   0.158012E+001   0.158012E+001
#  0.158012E+001   0.253112E+002   0.158012E+001
#  0.158012E+001   0.158012E+001   0.253112E+002
   2.38369  25  25  25  0.2486804848079720E+002  0.2486804848079720E+002  0.2847052681238785E+002
#  0.260689E+002   0.120083E+001   0.120083E+001
#  0.120083E+001   0.260689E+002   0.120083E+001
#  0.120083E+001   0.120083E+001   0.260689E+002
   2.41075  26  26  26  0.2585042820113361E+002  0.2585042820113362E+002  0.2847728013693237E+002
#  0.267260E+002   0.875617E+000   0.875617E+000
#  0.875617E+000   0.267260E+002   0.875617E+000
#  0.875617E+000   0.875617E+000   0.267260E+002
   2.43782  27  27  27  0.2667611933739099E+002  0.2667611933739099E+002  0.2848717938133931E+002
#  0.272798E+002   0.603687E+000   0.603687E+000
#  0.603687E+000   0.272798E+002   0.603687E+000
#  0.603687E+000   0.603687E+000   0.272798E+002
   2.46488  28  28  28  0.2734575340050122E+002  0.2734575340050123E+002  0.2849727967292039E+002
#  0.277296E+002   0.383842E+000   0.383842E+000
#  0.383842E+000   0.277296E+002   0.383842E+000
#  0.383842E+000   0.383842E+000   0.277296E+002
   2.49194  29  29  29  0.2786171221383839E+002  0.2786171221383839E+002  0.2850589845895161E+002
#  0.280764E+002   0.214729E+000   0.214729E+000
#  0.214729E+000   0.280764E+002   0.214729E+000
#  0.214729E+000   0.214729E+000   0.280764E+002
   2.51901  30  30  30  0.2822712645265317E+002  0.2822712645265317E+002  0.2851224577434694E+002
#  0.283222E+002   0.950398E-001   0.950398E-001
#  0.950398E-001   0.283222E+002   0.950398E-001
#  0.950398E-001   0.950398E-001   0.283222E+002
   2.54607  31  31  31  0.2844496870693692E+002  0.2844496870693693E+002  0.2851606461056902E+002
#  0.284687E+002   0.236986E-001   0.236986E-001
#  0.236986E-001   0.284687E+002   0.236986E-001
#  0.236986E-001   0.236986E-001   0.284687E+002
   2.57313  32  32  32  0.2851733244192824E+002  0.2851733244192824E+002  0.2851733244192824E+002
#  0.285173E+002  -0.900681E-015  -0.900681E-015
# -0.900681E-015   0.285173E+002  -0.106305E-014
# -0.900681E-015  -0.106305E-014   0.285173E+002
   2.59523  32  31  31  0.2843428568314223E+002  0.2848151845057747E+002  0.2853894539601852E+002
#  0.285389E+002  -0.892748E-015  -0.892748E-015
# -0.892748E-015   0.284579E+002   0.236164E-001
# -0.892748E-015   0.236164E-001   0.284579E+002
   2.61733  32  30  30  0.2818622662580480E+002  0.2837368741484654E+002  0.2860303943718599E+002
#  0.286030E+002  -0.869047E-015  -0.869047E-015
# -0.869047E-015   0.282800E+002   0.937304E-001
# -0.869047E-015   0.937304E-001   0.282800E+002
   2.63942  32  29  29  0.2777637687721416E+002  0.2819268799629905E+002  0.2870742482737395E+002
#  0.287074E+002  -0.830306E-015  -0.830306E-015
# -0.830306E-015   0.279845E+002   0.208156E+000
# -0.830306E-015   0.208156E+000   0.279845E+002
   2.66152  32  28  28  0.2721003302346547E+002  0.2793665406793028E+002  0.2884859856725091E+002
#  0.288486E+002  -0.779338E-015  -0.779338E-015
# -0.779338E-015   0.275733E+002   0.363311E+000
# -0.779338E-015   0.363311E+000   0.275733E+002
   2.68362  32  27  27  0.2649446004376156E+002  0.2760308370296350E+002  0.2902195551793127E+002
#  0.290220E+002  -0.722177E-015  -0.722177E-015
# -0.722177E-015   0.270488E+002   0.554312E+000
# -0.722177E-015   0.554312E+000   0.270488E+002
   2.70571  32  26  26  0.2563874707043306E+002  0.2718894947093922E+002  0.2922206686678006E+002
#  0.292221E+002  -0.665763E-015  -0.665763E-015
# -0.665763E-015   0.264138E+002   0.775101E+000
# -0.665763E-015   0.775101E+000   0.264138E+002
   2.72781  32  25  25  0.2465363018752319E+002  0.2669083984255070E+002  0.2944300963283029E+002
#  0.294430E+002  -0.612715E-015  -0.612715E-015
# -0.612715E-015   0.256722E+002   0.101860E+001
# -0.612715E-015   0.101860E+001   0.256722E+002
   2.74991  32  24  24  0.2355128791324671E+002  0.2610513153569860E+002  0.2967872738415781E+002
#  0.296787E+002  -0.559111E-015  -0.559111E-015
# -0.559111E-015   0.248282E+002   0.127692E+001
# -0.559111E-015   0.127692E+001   0.248282E+002
   2.77201  32  23  23  0.2234511570867150E+002  0.2542819266448624E+002  0.2992339965451553E+002
#  0.299234E+002  -0.498876E-015  -0.498876E-015
# -0.498876E-015   0.238867E+002   0.154154E+001
# -0.498876E-015   0.154154E+001   0.238867E+002
   2.79410  32  22  22  0.2104948627535372E+002  0.2465661651087119E+002  0.3017179587159497E+002
#  0.301718E+002  -0.430033E-015  -0.430033E-015
# -0.430033E-015   0.228531E+002   0.180357E+001
# -0.430033E-015   0.180357E+001   0.228531E+002
   2.81620  32  21  21  0.1967950254308772E+002  0.2378748552280426E+002  0.3041958910783506E+002
#  0.304196E+002  -0.355424E-015  -0.355424E-015
# -0.355424E-015   0.217335E+002   0.205399E+001
# -0.355424E-015   0.205399E+001   0.217335E+002
   2.83830  32  20  20  0.1825075011507742E+002  0.2281866461881657E+002  0.3066360578865388E+002
#  0.306636E+002  -0.277081E-015  -0.277081E-015
# -0.277081E-015   0.205347E+002   0.228396E+001
# -0.277081E-015   0.228396E+001   0.205347E+002
   2.86039  32  19  19  0.1677905555433914E+002  0.2174912188770404E+002  0.3090198977755235E+002
#  0.309020E+002  -0.190790E-015  -0.190790E-015
# -0.190790E-015   0.192641E+002   0.248503E+001
# -0.190790E-015   0.248503E+001   0.192641E+002
   2.88249  32  18  18  0.1528025629494042E+002  0.2057927314057528E+002  0.3113426311175914E+002
#  0.311343E+002  -0.876072E-016  -0.876072E-016
# -0.876072E-016   0.179298E+002   0.264951E+001
# -0.876072E-016   0.264951E+001   0.179298E+002
   2.90459  32  17  17  0.1376998718496962E+002  0.1931134433559788E+002  0.3136127115262941E+002
#  0.313613E+002   0.378492E-016   0.378492E-016
#  0.378492E-016   0.165407E+002   0.277068E+001
#  0.378492E-016   0.277068E+001   0.165407E+002
   2.92669  32  16  16  0.1226348775933692E+002  0.1794974252582935E+002  0.3158500704061845E+002
#  0.315850E+002   0.179644E-015   0.179644E-015
#  0.179644E-015   0.151066E+002   0.284313E+001
#  0.179644E-015   0.284313E+001   0.151066E+002
   2.94878  32  15  15  0.1077543334545809E+002  0.1650142163148803E+002  0.3180831899874645E+002
#  0.318083E+002   0.320542E-015   0.320542E-015
#  0.320542E-015   0.136384E+002   0.286299E+001
#  0.320542E-015   0.286299E+001   0.136384E+002
   2.97088  32  14  14  0.9319792068409415E+001  0.1497622410157571E+002  0.3203451394930642E+002
#  0.320345E+002   0.439880E-015   0.439880E-015
#  0.439880E-015   0.121480E+002   0.282822E+001
#  0.439880E-015   0.282822E+001   0.121480E+002
   2.99298  32  13  13  0.7909708786248434E+001  0.1338717370139824E+002  0.3226688161980028E+002
#  0.322669E+002   0.522910E-015   0.522910E-015
#  0.522910E-015   0.106484E+002   0.273873E+001
#  0.522910E-015   0.273873E+001   0.106484E+002
   3.01507  32  12  12  0.6557415988654813E+001  0.1175068880813638E+002  0.3250817406487101E+002
#  0.325082E+002   0.564905E-015   0.564905E-015
#  0.564905E-015   0.915405E+001   0.259664E+001
#  0.564905E-015   0.259664E+001   0.915405E+001
   3.03717  32  11  11  0.5274170765591772E+001  0.1008668060176388E+002  0.3276008525319706E+002
#  0.327601E+002   0.568363E-015   0.568363E-015
#  0.568363E-015   0.768043E+001   0.240625E+001
#  0.568363E-015   0.240625E+001   0.768043E+001
   3.05927  32  10  10  0.4070216124575627E+001  0.8418497612995379E+001  0.3302278267824482E+002
#  0.330228E+002   0.537887E-015   0.537887E-015
#  0.537887E-015   0.624436E+001   0.217414E+001
#  0.537887E-015   0.217414E+001   0.624436E+001
   3.08137  32   9   9  0.2954764227015510E+001  0.6772678692107895E+001  0.3329454623127059E+002
#  0.332945E+002   0.479144E-015   0.479144E-015
#  0.479144E-015   0.486372E+001   0.190896E+001
#  0.479144E-015   0.190896E+001   0.486372E+001
   3.10346  32   8   8  0.1935998542082683E+001  0.5178482110283947E+001  0.3357156716609970E+002
#  0.335716E+002   0.402961E-015   0.402961E-015
#  0.402961E-015   0.355724E+001   0.162124E+001
#  0.402961E-015   0.162124E+001   0.355724E+001
   3.12556  32   7   7  0.1021091491536279E+001  0.3667170453393775E+001  0.3384795051723739E+002
#  0.338480E+002   0.328170E-015   0.328170E-015
#  0.328170E-015   0.234413E+001   0.132304E+001
#  0.328170E-015   0.132304E+001   0.234413E+001
   3.14766  32   6   6  0.2162338867198819E+000  0.2271049771669107E+001  0.3411594716296184E+002
#  0.341159E+002   0.276838E-015   0.276838E-015
#  0.276838E-015   0.124364E+001   0.102741E+001
#  0.276838E-015   0.102741E+001   0.124364E+001
   3.16975  32   5   5 -0.4733276592805412E+000  0.1022286486440870E+001  0.3436641741704247E+002
#  0.343664E+002   0.263897E-015   0.263897E-015
#  0.263897E-015   0.274479E+000   0.747807E+000
#  0.263897E-015   0.747807E+000   0.274479E+000
   3.19185  32   4   4 -0.1043249128751546E+001 -0.4844534398232750E-001  0.3458949873301601E+002
#  0.345895E+002   0.289727E-015   0.289727E-015
#  0.289727E-015  -0.545847E+000   0.497402E+000
#  0.289727E-015   0.497402E+000  -0.545847E+000
   3.21395  32   3   3 -0.1490046914024195E+001 -0.9134044415270330E+000  0.3477541963076048E+002
#  0.347754E+002   0.341131E-015   0.341131E-015
#  0.341131E-015  -0.120173E+001   0.288321E+000
#  0.341131E-015   0.288321E+000  -0.120173E+001
   3.23604  32   2   2 -0.1811058349188495E+001 -0.1549203916822539E+001  0.3491537542474617E+002
#  0.349154E+002   0.398217E-015   0.398217E-015
#  0.398217E-015  -0.168013E+001   0.130927E+000
#  0.398217E-015   0.130927E+000  -0.168013E+001
   3.25814  32   1   1 -0.2004407831157618E+001 -0.1938093314750146E+001  0.3500236427041892E+002
#  0.350024E+002   0.441664E-015   0.441664E-015
#  0.441664E-015  -0.197125E+001   0.331573E-001
#  0.441664E-015   0.331573E-001  -0.197125E+001
   3.28024  32   0   0 -0.2068980874056344E+001 -0.2068980874056336E+001  0.3503187907389738E+002
#  0.350319E+002   0.457794E-015   0.457794E-015
#  0.457794E-015  -0.206898E+001   0.828494E-016
#  0.457794E-015   0.828494E-016  -0.206898E+001
   3.30234  32   1   1 -0.2004407831157618E+001 -0.1938093314750146E+001  0.3500236427041892E+002
#  0.350024E+002   0.441664E-015   0.441664E-015
#  0.441664E-015  -0.197125E+001   0.331573E-001
#  0.441664E-015   0.331573E-001  -0.197125E+001
   3.32443  32   2   2 -0.1811058349188495E+001 -0.1549203916822539E+001  0.3491537542474617E+002
#  0.349154E+002   0.398217E-015   0.398217E-015
#  0.398217E-015  -0.168013E+001   0.130927E+000
#  0.398217E-015   0.130927E+000  -0.168013E+001
   3.34653  32   3   3 -0.1490046914024195E+001 -0.9134044415270330E+000  0.3477541963076048E+002
#  0.347754E+002   0.341131E-015   0.341131E-015
#  0.341131E-015  -0.120173E+001   0.288321E+000
#  0.341131E-015   0.288321E+000  -0.120173E+001
   3.36863  32   4   4 -0.1043249128751546E+001 -0.4844534398232750E-001  0.3458949873301601E+002
#  0.345895E+002   0.289727E-015   0.289727E-015
#  0.289727E-015  -0.545847E+000   0.497402E+000
#  0.289727E-015   0.497402E+000  -0.545847E+000
   3.39072  32   5   5 -0.4733276592805412E+000  0.1022286486440870E+001  0.3436641741704247E+002
#  0.343664E+002   0.263897E-015   0.263897E-015
#  0.263897E-015   0.274479E+000   0.747807E+000
#  0.263897E-015   0.747807E+000   0.274479E+000
   3.41282  32   6   6  0.2162338867198819E+000  0.2271049771669107E+001  0.3411594716296184E+002
#  0.341159E+002   0.276838E-015   0.276838E-015
#  0.276838E-015   0.124364E+001   0.102741E+001
#  0.276838E-015   0.102741E+001   0.124364E+001
   3.43492  32   7   7  0.1021091491536279E+001  0.3667170453393775E+001  0.3384795051723739E+002
#  0.338480E+002   0.328170E-015   0.328170E-015
#  0.328170E-015   0.234413E+001   0.132304E+001
#  0.328170E-015   0.132304E+001   0.234413E+001
   3.45702  32   8   8  0.1935998542082683E+001  0.5178482110283947E+001  0.3357156716609970E+002
#  0.335716E+002   0.402961E-015   0.402961E-015
#  0.402961E-015   0.355724E+001   0.162124E+001
#  0.402961E-015   0.162124E+001   0.355724E+001
   3.47911  32   9   9  0.2954764227015510E+001  0.6772678692107895E+001  0.3329454623127059E+002
#  0.332945E+002   0.479144E-015   0.479144E-015
#  0.479144E-015   0.486372E+001   0.190896E+001
#  0.479144E-015   0.190896E+001   0.486372E+001
   3.50121  32  10  10  0.4070216124575627E+001  0.8418497612995379E+001  0.3302278267824482E+002
#  0.330228E+002   0.537887E-015   0.537887E-015
#  0.537887E-015   0.624436E+001   0.217414E+001
#  0.537887E-015   0.217414E+001   0.624436E+001
   3.52331  32  11  11  0.5274170765591772E+001  0.1008668060176388E+002  0.3276008525319706E+002
#  0.327601E+002   0.568363E-015   0.568363E-015
#  0.568363E-015   0.768043E+001   0.240625E+001
#  0.568363E-015   0.240625E+001   0.768043E+001
   3.54540  32  12  12  0.6557415988654813E+001  0.1175068880813638E+002  0.3250817406487101E+002
#  0.325082E+002   0.564905E-015   0.564905E-015
#  0.564905E-015   0.915405E+001   0.259664E+001
#  0.564905E-015   0.259664E+001   0.915405E+001
   3.56750  32  13  13  0.7909708786248434E+001  0.1338717370139824E+002  0.3226688161980028E+002
#  0.322669E+002   0.522910E-015   0.522910E-015
#  0.522910E-015   0.106484E+002   0.273873E+001
#  0.522910E-015   0.273873E+001   0.106484E+002
   3.58960  32  14  14  0.9319792068409415E+001  0.1497622410157571E+002  0.3203451394930642E+002
#  0.320345E+002   0.439880E-015   0.439880E-015
#  0.439880E-015   0.121480E+002   0.282822E+001
#  0.439880E-015   0.282822E+001   0.121480E+002
   3.61170  32  15  15  0.1077543334545809E+002  0.1650142163148803E+002  0.3180831899874645E+002
#  0.318083E+002   0.320542E-015   0.320542E-015
#  0.320542E-015   0.136384E+002   0.286299E+001
#  0.320542E-015   0.286299E+001   0.136384E+002
   3.63379  32  16  16  0.1226348775933692E+002  0.1794974252582935E+002  0.3158500704061845E+002
#  0.315850E+002   0.179644E-015   0.179644E-015
#  0.179644E-015   0.151066E+002   0.284313E+001
#  0.179644E-015   0.284313E+001   0.151066E+002
   3.65589  32  17  17  0.1376998718496962E+002  0.1931134433559788E+002  0.3136127115262941E+002
#  0.313613E+002   0.378492E-016   0.378492E-016
#  0.378492E-016   0.165407E+002   0.277068E+001
#  0.378492E-016   0.277068E+001   0.165407E+002
   3.67799  32  18  18  0.1528025629494042E+002  0.2057927314057528E+002  0.3113426311175914E+002
#  0.311343E+002  -0.876072E-016  -0.876072E-016
# -0.876072E-016   0.179298E+002   0.264951E+001
# -0.876072E-016   0.264951E+001   0.179298E+002
   3.70008  32  19  19  0.1677905555433914E+002  0.2174912188770404E+002  0.3090198977755235E+002
#  0.309020E+002  -0.190790E-015  -0.190790E-015
# -0.190790E-015   0.192641E+002   0.248503E+001
# -0.190790E-015   0.248503E+001   0.192641E+002
   3.72218  32  20  20  0.1825075011507742E+002  0.2281866461881657E+002  0.3066360578865388E+002
#  0.306636E+002  -0.277081E-015  -0.277081E-015
# -0.277081E-015   0.205347E+002   0.228396E+001
# -0.277081E-015   0.228396E+001   0.205347E+002
   3.74428  32  21  21  0.1967950254308772E+002  0.2378748552280426E+002  0.3041958910783506E+002
#  0.304196E+002  -0.355424E-015  -0.355424E-015
# -0.355424E-015   0.217335E+002   0.205399E+001
# -0.355424E-015   0.205399E+001   0.217335E+002
   3.76637  32  22  22  0.2104948627535372E+002  0.2465661651087119E+002  0.3017179587159497E+002
#  0.301718E+002  -0.430033E-015  -0.430033E-015
# -0.430033E-015   0.228531E+002   0.180357E+001
# -0.430033E-015   0.180357E+001   0.228531E+002
   3.78847  32  23  23  0.2234511570867150E+002  0.2542819266448624E+002  0.2992339965451553E+002
#  0.299234E+002  -0.498876E-015  -0.498876E-015
# -0.498876E-015   0.238867E+002   0.154154E+001
# -0.498876E-015   0.154154E+001   0.238867E+002
   3.81057  32  24  24  0.2355128791324671E+002  0.2610513153569860E+002  0.2967872738415781E+002
#  0.296787E+002  -0.559111E-015  -0.559111E-015
# -0.559111E-015   0.248282E+002   0.127692E+001
# -0.559111E-015   0.127692E+001   0.248282E+002
   3.83267  32  25  25  0.2465363018752319E+002  0.2669083984255070E+002  0.2944300963283029E+002
#  0.294430E+002  -0.612715E-015  -0.612715E-015
# -0.612715E-015   0.256722E+002   0.101860E+001
# -0.612715E-015   0.101860E+001   0.256722E+002
   3.85476  32  26  26  0.2563874707043306E+002  0.2718894947093922E+002  0.2922206686678006E+002
#  0.292221E+002  -0.665763E-015  -0.665763E-015
# -0.665763E-015   0.264138E+002   0.775101E+000
# -0.665763E-015   0.775101E+000   0.264138E+002
   3.87686  32  27  27  0.2649446004376156E+002  0.2760308370296350E+002  0.2902195551793127E+002
#  0.290220E+002  -0.722177E-015  -0.722177E-015
# -0.722177E-015   0.270488E+002   0.554312E+000
# -0.722177E-015   0.554312E+000   0.270488E+002
   3.89896  32  28  28  0.2721003302346547E+002  0.2793665406793028E+002  0.2884859856725091E+002
#  0.288486E+002  -0.779338E-015  -0.779338E-015
# -0.779338E-015   0.275733E+002   0.363311E+000
# -0.779338E-015   0.363311E+000   0.275733E+002
   3.92105  32  29  29  0.2777637687721416E+002  0.2819268799629905E+002  0.2870742482737395E+002
#  0.287074E+002  -0.830306E-015  -0.830306E-015
# -0.830306E-015   0.279845E+002   0.208156E+000
# -0.830306E-015   0.208156E+000   0.279845E+002
   3.94315  32  30  30  0.2818622662580480E+002  0.2837368741484654E+002  0.2860303943718599E+002
#  0.286030E+002  -0.869047E-015  -0.869047E-015
# -0.869047E-015   0.282800E+002   0.937304E-001
# -0.869047E-015   0.937304E-001   0.282800E+002
   3.96525  32  31  31  0.2843428568314223E+002  0.2848151845057747E+002  0.2853894539601852E+002
#  0.285389E+002  -0.892748E-015  -0.892748E-015
# -0.892748E-015   0.284579E+002   0.236164E-001
# -0.892748E-015   0.236164E-001   0.284579E+002
   3.98735  32  32  32  0.2851733244192824E+002  0.2851733244192824E+002  0.2851733244192824E+002
#  0.285173E+002  -0.900681E-015  -0.900681E-015
# -0.900681E-015   0.285173E+002  -0.106305E-014
# -0.900681E-015  -0.106305E-014   0.285173E+002
   4.00297  32  32  31  0.2844708715553664E+002  0.2852816386098914E+002  0.2852816386098914E+002
#  0.285282E+002  -0.902084E-015  -0.887735E-015
# -0.902084E-015   0.285282E+002  -0.105310E-014
# -0.887735E-015  -0.105310E-014   0.284471E+002
   4.01860  32  32  30  0.2823697147230754E+002  0.2856058196796632E+002  0.2856058196796634E+002
#  0.285606E+002  -0.906025E-015  -0.850221E-015
# -0.906025E-015   0.285606E+002  -0.102467E-014
# -0.850221E-015  -0.102467E-014   0.282370E+002
   4.03422  32  32  29  0.2788884192810019E+002  0.2861435805528368E+002  0.2861435805528369E+002
#  0.286144E+002  -0.911729E-015  -0.791871E-015
# -0.911729E-015   0.286144E+002  -0.981361E-015
# -0.791871E-015  -0.981361E-015   0.278888E+002
   4.04985  32  32  28  0.2740577941981672E+002  0.2868911012028109E+002  0.2868911012028110E+002
#  0.286891E+002  -0.918002E-015  -0.718055E-015
# -0.918002E-015   0.286891E+002  -0.927007E-015
# -0.718055E-015  -0.927007E-015   0.274058E+002
   4.06547  32  32  27  0.2679206913229641E+002  0.2878430174530114E+002  0.2878430174530115E+002
#  0.287843E+002  -0.923379E-015  -0.634613E-015
# -0.923379E-015   0.287843E+002  -0.863692E-015
# -0.634613E-015  -0.863692E-015   0.267921E+002
   4.08110  32  32  26  0.2605317228364329E+002  0.2889924075668437E+002  0.2889924075668438E+002
#  0.288992E+002  -0.926356E-015  -0.546585E-015
# -0.926356E-015   0.288992E+002  -0.790753E-015
# -0.546585E-015  -0.790753E-015   0.260532E+002
   4.09672  32  32  25  0.2519568954906264E+002  0.2903307788160376E+002  0.2903307788160376E+002
#  0.290331E+002  -0.925688E-015  -0.457371E-015
# -0.925688E-015   0.290331E+002  -0.705398E-015
# -0.457371E-015  -0.705398E-015   0.251957E+002
   4.11235  32  32  24  0.2422731600110151E+002  0.2918480567285086E+002  0.2918480567285088E+002
#  0.291848E+002  -0.920698E-015  -0.368702E-015
# -0.920698E-015   0.291848E+002  -0.604682E-015
# -0.368702E-015  -0.604682E-015   0.242273E+002
   4.12797  32  32  23  0.2315678739545689E+002  0.2935325801432151E+002  0.2935325801432152E+002
#  0.293533E+002  -0.911452E-015  -0.281378E-015
# -0.911452E-015   0.293533E+002  -0.487766E-015
# -0.281378E-015  -0.487766E-015   0.231568E+002
   4.14360  32  32  22  0.2199381763924174E+002  0.2953711055216682E+002  0.2953711055216683E+002
#  0.295371E+002  -0.898746E-015  -0.196225E-015
# -0.898746E-015   0.295371E+002  -0.357234E-015
# -0.196225E-015  -0.357234E-015   0.219938E+002
   4.15922  32  32  21  0.2074902730568281E+002  0.2973488241657811E+002  0.2973488241657813E+002
#  0.297349E+002  -0.883860E-015  -0.114652E-015
# -0.883860E-015   0.297349E+002  -0.218761E-015
# -0.114652E-015  -0.218761E-015   0.207490E+002
   4.17485  32  32  20  0.1943386310833382E+002  0.2994493960530301E+002  0.2994493960530302E+002
#  0.299449E+002  -0.868210E-015  -0.384746E-016
# -0.868210E-015   0.299449E+002  -0.794436E-016
# -0.384746E-016  -0.794436E-016   0.194339E+002
   4.19047  32  32  19  0.1806050832130051E+002  0.3016550039081350E+002  0.3016550039081352E+002
#  0.301655E+002  -0.853008E-015   0.307320E-016
# -0.853008E-015   0.301655E+002   0.542075E-016
#  0.307320E-016   0.542075E-016   0.180605E+002
   4.20610  32  32  18  0.1664178423138030E+002  0.3039464308745119E+002  0.3039464308745120E+002
#  0.303946E+002  -0.839020E-015   0.922113E-016
# -0.839020E-015   0.303946E+002   0.177492E-015
#  0.922113E-016   0.177492E-015   0.166418E+002
   4.22172  32  32  17  0.1519104283430112E+002  0.3063031647219110E+002  0.3063031647219110E+002
#  0.306303E+002  -0.826419E-015   0.146094E-015
# -0.826419E-015   0.306303E+002   0.287479E-015
#  0.146094E-015   0.287479E-015   0.151910E+002
   4.23735  32  32  16  0.1372205114023680E+002  0.3087035309277395E+002  0.3087035309277396E+002
#  0.308704E+002  -0.814750E-015   0.192923E-015
# -0.814750E-015   0.308704E+002   0.382032E-015
#  0.192923E-015   0.382032E-015   0.137221E+002
   4.25297  32  32  15  0.1224886763204077E+002  0.3111248562042266E+002  0.3111248562042268E+002
#  0.311125E+002  -0.802975E-015   0.232987E-015
# -0.802975E-015   0.311125E+002   0.458820E-015
#  0.232987E-015   0.458820E-015   0.122489E+002
   4.26860  32  32  14  0.1078571162025272E+002  0.3135436631251699E+002  0.3135436631251700E+002
#  0.313544E+002  -0.789686E-015   0.265957E-015
# -0.789686E-015   0.313544E+002   0.515152E-015
#  0.265957E-015   0.515152E-015   0.107857E+002
   4.28422  32  32  13  0.9346826457341347E+001  0.3159358954565027E+002  0.3159358954565029E+002
#  0.315936E+002  -0.773478E-015   0.291118E-015
# -0.773478E-015   0.315936E+002   0.548901E-015
#  0.291118E-015   0.548901E-015   0.934683E+001
   4.29985  32  32  12  0.7946337803593483E+001  0.3182771726451803E+002  0.3182771726451804E+002
#  0.318277E+002  -0.753449E-015   0.308139E-015
# -0.753449E-015   0.318277E+002   0.560035E-015
#  0.308139E-015   0.560035E-015   0.794634E+001
   4.31547  32  32  11  0.6598108370623510E+001  0.3205430707105344E+002  0.3205430707105344E+002
#  0.320543E+002  -0.729662E-015   0.318019E-015
# -0.729662E-015   0.320543E+002   0.551813E-015
#  0.318019E-015   0.551813E-015   0.659811E+001
   4.33110  32  32  10  0.5315590796237709E+001  0.3227094255587815E+002  0.3227094255587816E+002
#  0.322709E+002  -0.703371E-015   0.323628E-015
# -0.703371E-015   0.322709E+002   0.530788E-015
#  0.323628E-015   0.530788E-015   0.531559E+001
   4.34672  32  32   9  0.4111680515736124E+001  0.3247526535586668E+002  0.3247526535586668E+002
#  0.324753E+002  -0.676872E-015   0.329426E-015
# -0.676872E-015   0.324753E+002   0.505376E-015
#  0.329426E-015   0.505376E-015   0.411168E+001
   4.36235  32  32   8  0.2998570678329063E+001  0.3266500831321854E+002  0.3266500831321854E+002
#  0.326650E+002  -0.652986E-015   0.340255E-015
# -0.652986E-015   0.326650E+002   0.483444E-015
#  0.340255E-015   0.483444E-015   0.299857E+001
   4.37797  32  32   7  0.1987611301703136E+001  0.3283802901879805E+002  0.3283802901879806E+002
#  0.328380E+002  -0.634343E-015   0.359623E-015
# -0.634343E-015   0.328380E+002   0.470005E-015
#  0.359623E-015   0.470005E-015   0.198761E+001
   4.39360  32  32   6  0.1089174951965568E+001  0.3299234295129591E+002  0.3299234295129591E+002
#  0.329923E+002  -0.622709E-015   0.388277E-015
# -0.622709E-015   0.329923E+002   0.466054E-015
#  0.388277E-015   0.466054E-015   0.108917E+001
   4.40922  32  32   5  0.3125312706129471E+000  0.3312615537902887E+002  0.3312615537902889E+002
#  0.331262E+002  -0.618537E-015   0.423794E-015
# -0.618537E-015   0.331262E+002   0.469092E-015
#  0.423794E-015   0.469092E-015   0.312531E+000
   4.42485  32  32   4 -0.3342673627184460E+000  0.3323789117695449E+002  0.3323789117695449E+002
#  0.332379E+002  -0.620840E-015   0.461458E-015
# -0.620840E-015   0.332379E+002   0.474998E-015
#  0.461458E-015   0.474998E-015  -0.334267E+000
   4.44047  32  32   3 -0.8444868479072412E+000  0.3332622173040455E+002  0.3332622173040455E+002
#  0.333262E+002  -0.627400E-015   0.495954E-015
# -0.627400E-015   0.333262E+002   0.480224E-015
#  0.495954E-015   0.480224E-015  -0.844487E+000
   4.45610  32  32   2 -0.1212797056980015E+001  0.3339008815015462E+002  0.3339008815015462E+002
#  0.333901E+002  -0.635267E-015   0.522957E-015
# -0.635267E-015   0.333901E+002   0.483169E-015
#  0.522957E-015   0.483169E-015  -0.121280E+001
   4.47172  32  32   1 -0.1435340445790111E+001  0.3342872010992230E+002  0.3342872010992232E+002
#  0.334287E+002  -0.641471E-015   0.539872E-015
# -0.641471E-015   0.334287E+002   0.484158E-015
#  0.539872E-015   0.484158E-015  -0.143534E+001
   4.48735  32  32   0 -0.1509782143216448E+001  0.3344164973450058E+002  0.3344164973450058E+002
#  0.334416E+002  -0.643810E-015   0.545597E-015
# -0.643810E-015   0.334416E+002   0.484300E-015
#  0.545597E-015   0.484300E-015  -0.150978E+001
