# /home/t-nissie/abinit/BaTiO3-phonon/BaTiO3-phonon-62-WuCohenGGA-0.0GPa-8x8x8-ecut60-dilatmx1.2-5.7.3-SR11000/force-constant-matrix-ecut60-ecutsm0-rfasr1-ifc/perovskete.dat
 0.000000  0.000000  0.000000   0.00000  4.234314E-01 -0.419357E-01 -0.419355E-01  0.214441E-13  0.214691E-13  0.215213E-13  0.475326E-01  0.475326E-01  0.475327E-01  0.834010E-01  8.147817E-02  0.834011E-01  0.139332E+00  0.139332E+00  1.386041E-01
 0.031250  0.000000  0.000000   0.03125  0.423246E+00 -0.418245E-01 -0.418243E-01  0.627486E-03  0.244618E-03  0.244622E-03  0.476748E-01  0.477055E-01  0.476749E-01  0.832806E-01  0.820370E-01  0.832807E-01  0.139182E+00  0.139182E+00  0.139368E+00
 0.062500  0.000000  0.000000   0.06250  0.422670E+00 -0.414978E-01 -0.414976E-01  0.247709E-02  0.971917E-03  0.971930E-03  0.480973E-01  0.482148E-01  0.480975E-01  0.829214E-01  0.836594E-01  0.829216E-01  0.138734E+00  0.138734E+00  0.141672E+00
 0.093750  0.000000  0.000000   0.09375  0.421653E+00 -0.409744E-01 -0.409742E-01  0.545404E-02  0.216237E-02  0.216240E-02  0.487874E-01  0.490324E-01  0.487875E-01  0.823297E-01  0.861886E-01  0.823298E-01  0.137998E+00  0.137998E+00  0.145550E+00
 0.125000  0.000000  0.000000   0.12500  0.420112E+00 -0.402837E-01 -0.402835E-01  0.941232E-02  0.378396E-02  0.378401E-02  0.497233E-01  0.501144E-01  0.497234E-01  0.815163E-01  0.893834E-01  0.815164E-01  0.136988E+00  0.136988E+00  0.151045E+00
 0.156250  0.000000  0.000000   0.15625  0.417941E+00 -0.394624E-01 -0.394622E-01  0.141702E-01  0.579313E-02  0.579321E-02  0.508731E-01  0.514045E-01  0.508732E-01  0.804983E-01  0.929507E-01  0.804984E-01  0.135727E+00  0.135727E+00  0.158185E+00
 0.187500  0.000000  0.000000   0.18750  0.415022E+00 -0.385513E-01 -0.385511E-01  0.195274E-01  0.813621E-02  0.813631E-02  0.521931E-01  0.528384E-01  0.521932E-01  0.793005E-01  0.965879E-01  0.793005E-01  0.134245E+00  0.134245E+00  0.166958E+00
 0.218750  0.000000  0.000000   0.21875  0.411236E+00 -0.375922E-01 -0.375920E-01  0.252809E-01  0.107511E-01  0.107512E-01  0.536252E-01  0.543485E-01  0.536253E-01  0.779588E-01  0.100023E+00  0.779588E-01  0.132579E+00  0.132579E+00  0.177280E+00
 0.250000  0.000000  0.000000   0.25000  0.406479E+00 -0.366255E-01 -0.366253E-01  0.312355E-01  0.135690E-01  0.135691E-01  0.550923E-01  0.558684E-01  0.550924E-01  0.765257E-01  0.103044E+00  0.765257E-01  0.130776E+00  0.130776E+00  0.188990E+00
 0.281250  0.000000  0.000000   0.28125  0.400679E+00 -0.356886E-01 -0.356884E-01  0.372077E-01  0.165146E-01  0.165148E-01  0.564921E-01  0.573367E-01  0.564922E-01  0.750783E-01  0.105507E+00  0.750783E-01  0.128892E+00  0.128892E+00  0.201850E+00
 0.312500  0.000000  0.000000   0.31250  0.393812E+00 -0.348144E-01 -0.348143E-01  0.430235E-01  0.195058E-01  0.195060E-01  0.576898E-01  0.587000E-01  0.576898E-01  0.737286E-01  0.107338E+00  0.737286E-01  0.126994E+00  0.126994E+00  0.215559E+00
 0.343750  0.000000  0.000000   0.34375  0.385937E+00 -0.340311E-01 -0.340309E-01  0.485096E-01  0.224494E-01  0.224495E-01  0.585228E-01  0.599142E-01  0.585227E-01  0.726241E-01  0.108530E+00  0.726242E-01  0.125160E+00  0.125160E+00  0.229755E+00
 0.375000  0.000000  0.000000   0.37500  0.377229E+00 -0.333614E-01 -0.333612E-01  0.534819E-01  0.252344E-01  0.252346E-01  0.588500E-01  0.609452E-01  0.588499E-01  0.719074E-01  0.109142E+00  0.719075E-01  0.123474E+00  0.123474E+00  0.243992E+00
 0.406250  0.000000  0.000000   0.40625  0.368072E+00 -0.328234E-01 -0.328232E-01  0.577339E-01  0.277221E-01  0.277223E-01  0.586645E-01  0.617680E-01  0.586645E-01  0.716159E-01  0.109296E+00  0.716160E-01  0.122029E+00  0.122029E+00  0.257668E+00
 0.437500  0.000000  0.000000   0.43750  0.359238E+00 -0.324302E-01 -0.324300E-01  0.610339E-01  0.297370E-01  0.297371E-01  0.581651E-01  0.623659E-01  0.581651E-01  0.716257E-01  0.109172E+00  0.716258E-01  0.120914E+00  0.120913E+00  0.269843E+00
 0.468750  0.000000  0.000000   0.46875  0.352240E+00 -0.321909E-01 -0.321907E-01  0.631440E-01  0.310736E-01  0.310736E-01  0.576721E-01  0.627283E-01  0.576721E-01  0.717362E-01  0.108977E+00  0.717363E-01  0.120207E+00  0.120207E+00  0.278890E+00
 0.500000  0.000000  0.000000   0.50000  0.349429E+00 -0.321105E-01 -0.321103E-01  0.638725E-01  0.315454E-01  0.315455E-01  0.574698E-01  0.628497E-01  0.574699E-01  0.717916E-01  0.108888E+00  0.717916E-01  0.119965E+00  0.119965E+00  0.282392E+00
 0.500000  0.031250  0.000000   0.53125  0.349251E+00 -0.320251E-01 -0.293178E-01  0.656229E-01  0.317927E-01  0.318154E-01  0.575133E-01  0.625002E-01  0.552974E-01  0.717915E-01  0.107996E+00  0.726996E-01  0.121757E+00  0.119797E+00  0.283074E+00
 0.500000  0.062500  0.000000   0.56250  0.348726E+00 -0.317766E-01 -0.213351E-01  0.680036E-01  0.325321E-01  0.325771E-01  0.576414E-01  0.613978E-01  0.515805E-01  0.717918E-01  0.106231E+00  0.755428E-01  0.126261E+00  0.119291E+00  0.285174E+00
 0.500000  0.093750  0.000000   0.59375  0.347889E+00 -0.313866E-01 -0.929429E-02  0.695755E-01  0.337563E-01  0.337030E-01  0.578467E-01  0.598771E-01  0.478084E-01  0.717948E-01  0.104496E+00  0.799245E-01  0.132697E+00  0.118451E+00  0.288835E+00
 0.500000  0.125000  0.000000   0.62500  0.346789E+00 -0.308879E-01  0.510246E-02  0.706573E-01  0.354513E-01  0.350275E-01  0.581179E-01  0.581301E-01  0.442491E-01  0.718039E-01  0.103053E+00  0.850424E-01  0.140974E+00  0.117280E+00  0.294217E+00
 0.500000  0.156250  0.000000   0.65625  0.345485E+00 -0.303191E-01  0.198848E-01  0.714818E-01  0.375955E-01  0.364104E-01  0.584400E-01  0.562632E-01  0.409799E-01  0.718231E-01  0.101941E+00  0.904444E-01  0.151204E+00  0.115784E+00  0.301381E+00
 0.500000  0.187500  0.000000   0.68750  0.344040E+00 -0.297200E-01  0.330429E-01  0.721315E-01  0.401578E-01  0.380001E-01  0.587956E-01  0.543449E-01  0.380299E-01  0.718567E-01  0.101109E+00  0.959009E-01  0.163411E+00  0.113972E+00  0.310151E+00
 0.500000  0.218750  0.000000   0.71875  0.342515E+00 -0.291267E-01  0.450720E-01  0.726384E-01  0.430973E-01  0.381526E-01  0.591662E-01  0.524249E-01  0.354118E-01  0.719079E-01  0.100454E+00  0.101257E+00  0.177349E+00  0.111856E+00  0.320003E+00
 0.500000  0.250000  0.000000   0.75000  0.340970E+00 -0.285685E-01  0.533944E-01  0.730168E-01  0.463639E-01  0.391623E-01  0.595337E-01  0.505436E-01  0.331310E-01  0.719787E-01  0.998413E-01  0.106386E+00  0.192519E+00  0.109452E+00  0.330054E+00
 0.500000  0.281250  0.000000   0.78125  0.339458E+00 -0.280667E-01  0.595430E-01  0.732754E-01  0.498989E-01  0.398405E-01  0.598821E-01  0.487366E-01  0.311878E-01  0.720683E-01  0.991447E-01  0.111177E+00  0.208362E+00  0.106782E+00  0.339200E+00
 0.500000  0.312500  0.000000   0.81250  0.338030E+00 -0.276340E-01  0.639547E-01  0.734239E-01  0.536361E-01  0.403355E-01  0.601979E-01  0.470390E-01  0.295773E-01  0.721732E-01  0.982897E-01  0.115528E+00  0.224451E+00  0.103876E+00  0.346341E+00
 0.500000  0.343750  0.000000   0.84375  0.336732E+00 -0.272756E-01  0.671274E-01  0.734768E-01  0.575007E-01  0.407018E-01  0.604718E-01  0.454884E-01  0.282879E-01  0.722868E-01  0.972757E-01  0.119354E+00  0.240515E+00  0.100775E+00  0.350615E+00
 0.500000  0.375000  0.000000   0.87500  0.335606E+00 -0.269918E-01  0.694355E-01  0.734562E-01  0.614030E-01  0.409749E-01  0.606979E-01  0.441258E-01  0.272996E-01  0.724001E-01  0.961696E-01  0.122582E+00  0.256358E+00  0.975374E-01  0.351549E+00
 0.500000  0.406250  0.000000   0.90625  0.334690E+00 -0.267788E-01  0.711148E-01  0.733909E-01  0.652197E-01  0.411773E-01  0.608734E-01  0.429961E-01  0.265847E-01  0.725029E-01  0.950857E-01  0.125151E+00  0.271721E+00  0.942621E-01  0.349123E+00
 0.500000  0.437500  0.000000   0.93750  0.334013E+00 -0.266318E-01  0.722868E-01  0.733130E-01  0.687388E-01  0.413197E-01  0.609980E-01  0.421452E-01  0.261099E-01  0.725850E-01  0.941622E-01  0.127018E+00  0.286083E+00  0.911424E-01  0.343855E+00
 0.500000  0.468750  0.000000   0.96875  0.333598E+00 -0.265459E-01  0.729922E-01  0.732522E-01  0.715123E-01  0.414053E-01  0.610721E-01  0.416146E-01  0.258419E-01  0.726381E-01  0.935365E-01  0.128151E+00  0.298088E+00  0.886135E-01  0.337220E+00
 0.500000  0.500000  0.000000   1.00000  0.333458E+00 -0.265177E-01  0.732294E-01  0.732293E-01  0.726564E-01  0.414341E-01  0.610968E-01  0.414341E-01  0.257557E-01  0.726564E-01  0.933145E-01  0.128530E+00  0.303622E+00  0.875518E-01  0.333458E+00
 0.468750  0.468750  0.000000   1.04419  0.330641E+00 -0.265748E-01  0.732761E-01  0.727613E-01  0.706778E-01  0.418479E-01  0.610226E-01  0.413261E-01  0.259192E-01  0.724540E-01  0.937550E-01  0.127768E+00  0.294022E+00  0.895571E-01  0.342635E+00
 0.437500  0.437500  0.000000   1.08839  0.322372E+00 -0.267565E-01  0.733812E-01  0.714606E-01  0.669505E-01  0.430692E-01  0.603451E-01  0.410309E-01  0.263224E-01  0.718504E-01  0.949656E-01  0.125463E+00  0.277073E+00  0.938311E-01  0.358319E+00
 0.406250  0.406250  0.000000   1.13258  0.309136E+00 -0.270909E-01  0.734506E-01  0.695161E-01  0.649854E-01  0.450250E-01  0.572341E-01  0.406542E-01  0.267056E-01  0.708572E-01  0.966958E-01  0.121570E+00  0.259463E+00  0.987266E-01  0.373781E+00
 0.375000  0.375000  0.000000   1.17678  0.291625E+00 -0.276156E-01  0.733691E-01  0.670090E-01  0.651952E-01  0.475493E-01  0.518563E-01  0.403961E-01  0.266757E-01  0.694947E-01  0.986545E-01  0.116065E+00  0.242673E+00  0.103710E+00  0.387357E+00
 0.343750  0.343750  0.000000   1.22097  0.270676E+00 -0.283667E-01  0.730822E-01  0.638232E-01  0.662427E-01  0.503008E-01  0.457841E-01  0.404432E-01  0.258650E-01  0.677938E-01  0.100512E+00  0.109019E+00  0.227241E+00  0.108593E+00  0.398154E+00
 0.312500  0.312500  0.000000   1.26517  0.247353E+00 -0.293668E-01  0.727381E-01  0.596510E-01  0.677390E-01  0.526200E-01  0.395348E-01  0.407255E-01  0.241616E-01  0.657975E-01  0.101894E+00  0.100687E+00  0.213272E+00  0.113287E+00  0.405638E+00
 0.281250  0.281250  0.000000   1.30936  0.223134E+00 -0.306149E-01  0.728095E-01  0.542209E-01  0.695532E-01  0.533885E-01  0.333202E-01  0.406576E-01  0.217201E-01  0.635629E-01  0.102451E+00  0.915860E-01  0.200603E+00  0.117734E+00  0.409755E+00
 0.250000  0.250000  0.000000   1.35355  0.200006E+00 -0.320819E-01  0.736613E-01  0.488407E-01  0.715874E-01  0.513679E-01  0.272888E-01  0.378645E-01  0.187765E-01  0.611615E-01  0.101970E+00  0.826264E-01  0.188980E+00  0.121884E+00  0.411060E+00
 0.218750  0.218750  0.000000   1.39775  0.180090E+00 -0.337103E-01  0.770737E-01  0.469456E-01  0.737382E-01  0.461051E-01  0.215735E-01  0.282058E-01  0.155312E-01  0.586789E-01  0.100453E+00  0.727139E-01  0.178240E+00  0.125695E+00  0.410674E+00
 0.187500  0.187500  0.000000   1.44194  0.164773E+00 -0.354190E-01  0.781093E-01  0.468870E-01  0.758943E-01  0.381894E-01  0.163019E-01  0.140784E-01  0.118589E-01  0.562134E-01  0.980701E-01  0.666700E-01  0.168398E+00  0.129121E+00  0.410004E+00
 0.156250  0.156250  0.000000   1.48614  0.154128E+00 -0.371106E-01  0.794889E-01  0.471372E-01  0.779428E-01  0.289220E-01  0.115964E-01 -0.227821E-02  0.907575E-02  0.538714E-01  0.950701E-01  0.612059E-01  0.159627E+00  0.132120E+00  0.410289E+00
 0.125000  0.125000  0.000000   1.53033  0.147289E+00 -0.386810E-01  0.804700E-01  0.473595E-01  0.797774E-01  0.196855E-01  0.757048E-02 -0.168502E-01  0.605548E-02  0.517623E-01  0.917599E-01  0.566185E-01  0.152172E+00  0.134648E+00  0.412172E+00
 0.093750  0.093750  0.000000   1.57452  0.143163E+00 -0.400285E-01  0.810517E-01  0.474872E-01  0.813053E-01  0.115558E-01  0.432511E-02 -0.283725E-01  0.351246E-02  0.499913E-01  0.885329E-01  0.528449E-01  0.146250E+00  0.136666E+00  0.415472E+00
 0.062500  0.062500  0.000000   1.61872  0.140837E+00 -0.410629E-01  0.813398E-01  0.475333E-01  0.824513E-01  0.528091E-02  0.194384E-02 -0.362010E-01  0.159151E-02  0.486516E-01  0.858272E-01  0.499717E-01  0.141995E+00  0.138137E+00  0.419268E+00
 0.031250  0.031250  0.000000   1.66291  0.139679E+00 -0.417136E-01  0.814521E-01  0.475364E-01  0.831608E-01  0.134107E-02  0.489235E-03 -0.405594E-01  0.401839E-03  0.478164E-01  0.840302E-01  0.481556E-01  0.139449E+00  0.139031E+00  0.422284E+00
 0.000000  0.000000  0.000000   1.70711  0.139332E+00 -0.419357E-01  0.834010E-01  0.475326E-01  0.834010E-01  0.215213E-13  0.214691E-13 -0.419355E-01  0.214441E-13  0.475326E-01  0.834011E-01  0.475327E-01  0.139332E+00  0.139332E+00  4.234314E-01
				       
 0.000000  0.000000  0.000000   1.70711  0.139332E+00 -0.419357E-01  0.834010E-01  0.475326E-01  0.834010E-01  0.215213E-13  0.214691E-13 -0.419355E-01  0.214441E-13  0.475326E-01  0.834011E-01  0.475327E-01  0.139332E+00  1.386041E-01  4.234314E-01
 0.031250  0.031250  0.031250   1.76123  0.139528E+00 -0.404306E-01  0.839067E-01  0.482966E-01  0.808630E-01  0.205375E-02  0.646195E-03 -0.404305E-01  0.646199E-03  0.473677E-01  0.839068E-01  0.482967E-01  0.139528E+00  0.139541E+00  0.421354E+00
 0.062500  0.062500  0.062500   1.81536  0.140221E+00 -0.355243E-01  0.853047E-01  0.505160E-01  0.789767E-01  0.807162E-02  0.255535E-02 -0.355242E-01  0.255536E-02  0.468599E-01  0.853048E-01  0.505161E-01  0.140221E+00  0.142459E+00  0.416296E+00
 0.093750  0.093750  0.093750   1.86949  0.141706E+00 -0.265280E-01  0.872867E-01  0.539879E-01  0.758327E-01  0.176057E-01  0.561127E-02 -0.265279E-01  0.561130E-02  0.459778E-01  0.872867E-01  0.539880E-01  0.141706E+00  0.147512E+00  0.411007E+00
 0.125000  0.125000  0.125000   1.92361  0.144453E+00 -0.134960E-01  0.894685E-01  0.584197E-01  0.716977E-01  0.298826E-01  0.958268E-02 -0.134959E-01  0.958272E-02  0.446922E-01  0.894686E-01  0.584197E-01  0.144453E+00  0.154593E+00  0.408080E+00
 0.156250  0.156250  0.156250   1.97774  0.149088E+00  0.205915E-02  0.914877E-01  0.634815E-01  0.671229E-01  0.438170E-01  0.142067E-01  0.205921E-02  0.142067E-01  0.429966E-01  0.914878E-01  0.634815E-01  0.149088E+00  0.163262E+00  0.408507E+00
 0.187500  0.187500  0.187500   2.03187  0.156310E+00  0.161305E-01  0.930307E-01  0.688334E-01  0.635447E-01  0.574238E-01  0.207022E-01  0.161305E-01  0.207023E-01  0.409174E-01  0.930308E-01  0.688334E-01  0.156310E+00  0.172957E+00  0.411322E+00
 0.218750  0.218750  0.218750   2.08599  0.166570E+00  0.217816E-01  0.938996E-01  0.740846E-01  0.581003E-01  0.730782E-01  0.335285E-01  0.217817E-01  0.335286E-01  0.385122E-01  0.938996E-01  0.740846E-01  0.166570E+00  0.183295E+00  0.414312E+00
 0.250000  0.250000  0.250000   2.14012  0.179713E+00  0.251097E-01  0.942675E-01  0.786763E-01  0.560936E-01  0.851078E-01  0.454512E-01  0.251097E-01  0.454512E-01  0.358603E-01  0.942676E-01  0.786763E-01  0.179713E+00  0.194218E+00  0.415177E+00
 0.281250  0.281250  0.281250   2.19425  0.195066E+00  0.270908E-01  0.949181E-01  0.817885E-01  0.560558E-01  0.947517E-01  0.555245E-01  0.270908E-01  0.555246E-01  0.330547E-01  0.949182E-01  0.817885E-01  0.195066E+00  0.205856E+00  0.412407E+00
 0.312500  0.312500  0.312500   2.24837  0.211798E+00  0.277013E-01  0.966691E-01  0.828638E-01  0.584137E-01  0.101522E+00  0.641391E-01  0.277013E-01  0.641391E-01  0.302011E-01  0.966692E-01  0.828639E-01  0.211798E+00  0.218244E+00  0.405534E+00
 0.343750  0.343750  0.343750   2.30250  0.229011E+00  0.270653E-01  0.991990E-01  0.826719E-01  0.631253E-01  0.105546E+00  0.713288E-01  0.270653E-01  0.713288E-01  0.274208E-01  0.991991E-01  0.826719E-01  0.229011E+00  0.231142E+00  0.394909E+00
 0.375000  0.375000  0.375000   2.35663  0.245636E+00  0.254922E-01  0.101737E+00  0.829877E-01  0.697180E-01  0.107364E+00  0.762593E-01  0.254923E-01  0.762593E-01  0.248525E-01  0.101737E+00  0.829877E-01  0.245635E+00  0.244112E+00  0.381397E+00
 0.406250  0.406250  0.406250   2.41075  0.260426E+00  0.234433E-01  0.103868E+00  0.856250E-01  0.772692E-01  0.107713E+00  0.775449E-01  0.234434E-01  0.775448E-01  0.226453E-01  0.103868E+00  0.856249E-01  0.260426E+00  0.256700E+00  0.366227E+00
 0.437500  0.437500  0.437500   2.46488  0.272118E+00  0.214535E-01  0.105433E+00  0.887267E-01  0.844278E-01  0.107344E+00  0.771899E-01  0.214536E-01  0.771899E-01  0.209441E-01  0.105433E+00  0.887266E-01  0.272118E+00  0.268398E+00  0.351074E+00
 0.468750  0.468750  0.468750   2.51901  0.279625E+00  0.200220E-01  0.106379E+00  0.907963E-01  0.896121E-01  0.106882E+00  0.767500E-01  0.200221E-01  0.767500E-01  0.198697E-01  0.106379E+00  0.907962E-01  0.279625E+00  0.278010E+00  0.338550E+00
 0.500000  0.500000  0.500000   2.57313  0.282214E+00  0.195023E-01  0.106695E+00  0.915072E-01  0.915070E-01  0.106695E+00  0.765797E-01  0.195024E-01  0.765796E-01  0.195023E-01  0.106695E+00  0.915071E-01  0.282214E+00  0.282214E+00  0.333208E+00
 0.500000  0.468750  0.468750   2.61733  0.279026E+00  0.198229E-01  0.106542E+00  0.912293E-01  0.906394E-01  0.106369E+00  0.768065E-01  0.199107E-01  0.765797E-01  0.197183E-01  0.106881E+00  0.904294E-01  0.283400E+00  0.277993E+00  0.336738E+00
 0.500000  0.437500  0.437500   2.66152  0.269735E+00  0.207507E-01  0.106078E+00  0.904036E-01  0.881092E-01  0.105400E+00  0.774480E-01  0.210668E-01  0.765314E-01  0.203630E-01  0.107415E+00  0.873864E-01  0.286776E+00  0.267931E+00  0.344624E+00
 0.500000  0.406250  0.406250   2.70571  0.255140E+00  0.221889E-01  0.105286E+00  0.890547E-01  0.841936E-01  0.103830E+00  0.783031E-01  0.227809E-01  0.762936E-01  0.214276E-01  0.108186E+00  0.829178E-01  0.291880E+00  0.255449E+00  0.353156E+00
 0.500000  0.375000  0.375000   2.74991  0.236474E+00  0.239947E-01  0.104149E+00  0.872263E-01  0.809107E-01  0.101761E+00  0.774008E-01  0.247821E-01  0.756430E-01  0.228997E-01  0.108963E+00  0.777688E-01  0.298131E+00  0.242224E+00  0.360223E+00
 0.500000  0.343750  0.343750   2.79410  0.215294E+00  0.260016E-01  0.102652E+00  0.849831E-01  0.812369E-01  0.994468E-01  0.716414E-01  0.267623E-01  0.742772E-01  0.247653E-01  0.109446E+00  0.726940E-01  0.304977E+00  0.228977E+00  0.364591E+00
 0.500000  0.312500  0.312500   2.83830  0.193370E+00  0.280495E-01  0.100792E+00  0.824103E-01  0.810729E-01  0.974671E-01  0.646158E-01  0.284015E-01  0.717955E-01  0.270083E-01  0.109323E+00  0.683235E-01  0.311968E+00  0.216022E+00  0.365447E+00
 0.500000  0.281250  0.281250   2.88249  0.172582E+00  0.300253E-01  0.985790E-01  0.796101E-01  0.788336E-01  0.966199E-01  0.570923E-01  0.293555E-01  0.676846E-01  0.296090E-01  0.108322E+00  0.650893E-01  0.318766E+00  0.203475E+00  0.362324E+00
 0.500000  0.250000  0.250000   2.92669  0.154751E+00  0.319109E-01  0.960348E-01  0.766960E-01  0.740518E-01  0.970094E-01  0.493132E-01  0.291629E-01  0.614791E-01  0.325399E-01  0.106259E+00  0.631860E-01  0.325127E+00  0.191342E+00  0.355181E+00
 0.500000  0.218750  0.218750   2.97088  0.141178E+00  0.338126E-01  0.931871E-01  0.737866E-01  0.671594E-01  0.979947E-01  0.412812E-01  0.269522E-01  0.534691E-01  0.357635E-01  0.103064E+00  0.625650E-01  0.330878E+00  0.179586E+00  0.344546E+00
 0.500000  0.187500  0.187500   3.01507  0.132038E+00  0.359298E-01  0.900685E-01  0.709992E-01  0.588701E-01  0.990708E-01  0.325890E-01  0.210630E-01  0.457162E-01  0.392303E-01  0.987941E-01  0.629892E-01  0.335901E+00  0.168197E+00  0.331581E+00
 0.500000  0.156250  0.156250   3.05927  0.126451E+00  0.384735E-01  0.867186E-01  0.684460E-01  0.503495E-01  0.100093E+00  0.222733E-01  0.106951E-01  0.404385E-01  0.428777E-01  0.936164E-01  0.641272E-01  0.340129E+00  0.157255E+00  0.317940E+00
 0.500000  0.125000  0.125000   3.10346  0.123241E+00  0.415936E-01  0.831931E-01  0.662329E-01  0.430706E-01  0.101189E+00  0.946231E-02 -0.186679E-02  0.371398E-01  0.466239E-01  0.877911E-01  0.656247E-01  0.343542E+00  0.146951E+00  0.305363E+00
 0.500000  0.093750  0.093750   3.14766  0.121470E+00  0.453484E-01  0.795843E-01  0.644655E-01  0.377448E-01  0.102639E+00 -0.507226E-02 -0.139051E-01  0.347837E-01  0.503461E-01  0.816682E-01  0.671050E-01  0.346150E+00  0.137544E+00  0.295163E+00
 0.500000  0.062500  0.062500   3.19185  0.120538E+00  0.496908E-01  0.760757E-01  0.632680E-01  0.342184E-01  0.104699E+00 -0.187626E-01 -0.236416E-01  0.330403E-01  0.538068E-01  0.758578E-01  0.679951E-01  0.347983E+00  0.129344E+00  0.287949E+00
 0.500000  0.031250  0.031250   3.23604  0.120095E+00  0.543568E-01  0.731120E-01  0.627979E-01  0.322032E-01  0.107280E+00 -0.285559E-01 -0.299359E-01  0.319299E-01  0.564649E-01  0.723155E-01  0.665587E-01  0.349069E+00  0.122894E+00  0.283756E+00
 0.500000  0.000000  0.000000   3.28024  0.119965E+00  0.574698E-01  0.717916E-01  0.628497E-01  0.315455E-01  0.108888E+00 -0.321103E-01 -0.321105E-01  0.315454E-01  0.574699E-01  0.717916E-01  0.638725E-01  0.349429E+00  0.119965E+00  0.282392E+00
 0.500000  0.031250  0.031250   3.32443  0.120095E+00  0.564649E-01  0.723155E-01  0.627979E-01  0.319299E-01  0.107280E+00 -0.299359E-01 -0.285559E-01  0.322032E-01  0.543568E-01  0.731120E-01  0.665587E-01  0.349069E+00  0.122894E+00  0.283756E+00
 0.500000  0.062500  0.062500   3.36863  0.120538E+00  0.538068E-01  0.758578E-01  0.632680E-01  0.330403E-01  0.104699E+00 -0.236416E-01 -0.187626E-01  0.342184E-01  0.496908E-01  0.760757E-01  0.679951E-01  0.347983E+00  0.129344E+00  0.287949E+00
 0.500000  0.093750  0.093750   3.41282  0.121470E+00  0.503461E-01  0.816682E-01  0.644655E-01  0.347837E-01  0.102639E+00 -0.139051E-01 -0.507226E-02  0.377448E-01  0.453484E-01  0.795843E-01  0.671050E-01  0.346150E+00  0.137544E+00  0.295163E+00
 0.500000  0.125000  0.125000   3.45702  0.123241E+00  0.466239E-01  0.877911E-01  0.662329E-01  0.371398E-01  0.101189E+00 -0.186679E-02  0.946231E-02  0.430706E-01  0.415936E-01  0.831931E-01  0.656247E-01  0.343542E+00  0.146951E+00  0.305363E+00
 0.500000  0.156250  0.156250   3.50121  0.126451E+00  0.428777E-01  0.936164E-01  0.684460E-01  0.404385E-01  0.100093E+00  0.106951E-01  0.222733E-01  0.503495E-01  0.384735E-01  0.867186E-01  0.641272E-01  0.340129E+00  0.157255E+00  0.317940E+00
 0.500000  0.187500  0.187500   3.54540  0.132038E+00  0.392303E-01  0.987941E-01  0.709992E-01  0.457162E-01  0.990708E-01  0.210630E-01  0.325890E-01  0.588701E-01  0.359298E-01  0.900685E-01  0.629892E-01  0.335901E+00  0.168197E+00  0.331581E+00
 0.500000  0.218750  0.218750   3.58960  0.141178E+00  0.357635E-01  0.103064E+00  0.737866E-01  0.534691E-01  0.979947E-01  0.269522E-01  0.412812E-01  0.671594E-01  0.338126E-01  0.931871E-01  0.625650E-01  0.330878E+00  0.179586E+00  0.344546E+00
 0.500000  0.250000  0.250000   3.63379  0.154751E+00  0.325399E-01  0.106259E+00  0.766960E-01  0.614791E-01  0.970094E-01  0.291629E-01  0.493132E-01  0.740518E-01  0.319109E-01  0.960348E-01  0.631860E-01  0.325127E+00  0.191342E+00  0.355181E+00
 0.500000  0.281250  0.281250   3.67799  0.172582E+00  0.296090E-01  0.108322E+00  0.796101E-01  0.676846E-01  0.966199E-01  0.293555E-01  0.570923E-01  0.788336E-01  0.300253E-01  0.985790E-01  0.650893E-01  0.318766E+00  0.203475E+00  0.362324E+00
 0.500000  0.312500  0.312500   3.72218  0.193370E+00  0.270083E-01  0.109323E+00  0.824103E-01  0.717955E-01  0.974671E-01  0.284015E-01  0.646158E-01  0.810729E-01  0.280495E-01  0.100792E+00  0.683235E-01  0.311968E+00  0.216022E+00  0.365447E+00
 0.500000  0.343750  0.343750   3.76637  0.215294E+00  0.247653E-01  0.109446E+00  0.849831E-01  0.742772E-01  0.994468E-01  0.267623E-01  0.716414E-01  0.812369E-01  0.260016E-01  0.102652E+00  0.726940E-01  0.304977E+00  0.228977E+00  0.364591E+00
 0.500000  0.375000  0.375000   3.81057  0.236474E+00  0.228997E-01  0.108963E+00  0.872263E-01  0.756430E-01  0.101761E+00  0.247821E-01  0.774008E-01  0.809107E-01  0.239947E-01  0.104149E+00  0.777688E-01  0.298131E+00  0.242224E+00  0.360223E+00
 0.500000  0.406250  0.406250   3.85476  0.255140E+00  0.214276E-01  0.108186E+00  0.890547E-01  0.762936E-01  0.103830E+00  0.227809E-01  0.783031E-01  0.841936E-01  0.221889E-01  0.105286E+00  0.829178E-01  0.291880E+00  0.255449E+00  0.353156E+00
 0.500000  0.437500  0.437500   3.89896  0.269735E+00  0.203630E-01  0.107415E+00  0.904036E-01  0.765314E-01  0.105400E+00  0.210668E-01  0.774480E-01  0.881092E-01  0.207507E-01  0.106078E+00  0.873864E-01  0.286776E+00  0.267931E+00  0.344624E+00
 0.500000  0.468750  0.468750   3.94315  0.279026E+00  0.197183E-01  0.106881E+00  0.912293E-01  0.765797E-01  0.106369E+00  0.199107E-01  0.768065E-01  0.906394E-01  0.198229E-01  0.106542E+00  0.904294E-01  0.283400E+00  0.277993E+00  0.336738E+00
 0.500000  0.500000  0.500000   3.98735  0.282214E+00  0.195023E-01  0.106695E+00  0.915072E-01  0.765796E-01  0.106695E+00  0.195024E-01  0.765797E-01  0.915070E-01  0.195023E-01  0.106695E+00  0.915071E-01  0.282214E+00  0.282214E+00  0.333208E+00
 0.500000  0.500000  0.468750   4.01860  0.282812E+00  0.197090E-01  0.106877E+00  0.910735E-01  0.767501E-01  0.106532E+00  0.197091E-01  0.765225E-01  0.910733E-01  0.195648E-01  0.106532E+00  0.912568E-01  0.282811E+00  0.277924E+00  0.334955E+00
 0.500000  0.500000  0.437500   4.04985  0.284562E+00  0.203242E-01  0.107431E+00  0.898080E-01  0.772539E-01  0.106043E+00  0.203243E-01  0.763155E-01  0.898078E-01  0.197499E-01  0.106043E+00  0.904977E-01  0.284562E+00  0.266711E+00  0.338616E+00
 0.500000  0.500000  0.406250   4.08110  0.287350E+00  0.213331E-01  0.108372E+00  0.878109E-01  0.780686E-01  0.105233E+00  0.213332E-01  0.758512E-01  0.878108E-01  0.200494E-01  0.105233E+00  0.892194E-01  0.287350E+00  0.251100E+00  0.341893E+00
 0.500000  0.500000  0.375000   4.11235  0.291002E+00  0.227105E-01  0.109692E+00  0.852320E-01  0.791580E-01  0.104110E+00  0.227106E-01  0.749447E-01  0.852319E-01  0.204508E-01  0.104110E+00  0.874365E-01  0.291002E+00  0.232685E+00  0.343607E+00
 0.500000  0.500000  0.343750   4.14360  0.295313E+00  0.244203E-01  0.111347E+00  0.822505E-01  0.804749E-01  0.102681E+00  0.244204E-01  0.733226E-01  0.822505E-01  0.209371E-01  0.102681E+00  0.852013E-01  0.295313E+00  0.212473E+00  0.343387E+00
 0.500000  0.500000  0.312500   4.17485  0.300063E+00  0.264143E-01  0.113268E+00  0.790581E-01  0.819629E-01  0.100956E+00  0.264144E-01  0.705987E-01  0.790581E-01  0.214883E-01  0.100956E+00  0.825986E-01  0.300063E+00  0.191325E+00  0.341294E+00
 0.500000  0.500000  0.281250   4.20610  0.305036E+00  0.286294E-01  0.115367E+00  0.758470E-01  0.835603E-01  0.989496E-01  0.286295E-01  0.662401E-01  0.758470E-01  0.220819E-01  0.989496E-01  0.797347E-01  0.305036E+00  0.170203E+00  0.337631E+00
 0.500000  0.500000  0.250000   4.23735  0.310032E+00  0.309838E-01  0.117551E+00  0.728065E-01  0.852024E-01  0.966775E-01  0.309840E-01  0.595632E-01  0.728065E-01  0.226944E-01  0.966775E-01  0.767279E-01  0.310032E+00  0.150290E+00  0.332843E+00
 0.500000  0.500000  0.218750   4.26860  0.314868E+00  0.333720E-01  0.119728E+00  0.701253E-01  0.868251E-01  0.941610E-01  0.333722E-01  0.499131E-01  0.701253E-01  0.233019E-01  0.941610E-01  0.737014E-01  0.314868E+00  0.132873E+00  0.327437E+00
 0.500000  0.500000  0.187500   4.29985  0.319383E+00  0.356589E-01  0.121808E+00  0.679963E-01  0.883671E-01  0.914261E-01  0.356591E-01  0.371966E-01  0.679963E-01  0.238814E-01  0.914261E-01  0.707778E-01  0.319383E+00  0.118857E+00  0.321913E+00
 0.500000  0.500000  0.156250   4.33110  0.323438E+00  0.376848E-01  0.123711E+00  0.666137E-01  0.897723E-01  0.885052E-01  0.376850E-01  0.223847E-01  0.666137E-01  0.244113E-01  0.885052E-01  0.680745E-01  0.323438E+00  0.108250E+00  0.316705E+00
 0.500000  0.500000  0.125000   4.36235  0.326916E+00  0.392951E-01  0.125366E+00  0.661437E-01  0.909914E-01  0.854384E-01  0.392953E-01  0.722747E-02  0.661437E-01  0.248726E-01  0.854384E-01  0.656995E-01  0.326916E+00  0.100412E+00  0.312149E+00
 0.500000  0.500000  0.093750   4.39360  0.329722E+00  0.404044E-01  0.126715E+00  0.666611E-01  0.919831E-01  0.822758E-01  0.404045E-01 -0.647494E-02  0.666610E-01  0.252490E-01  0.822758E-01  0.637469E-01  0.329722E+00  0.946903E-01  0.308466E+00
 0.500000  0.500000  0.062500   4.42485  0.331779E+00  0.410477E-01  0.127712E+00  0.680954E-01  0.927150E-01  0.790816E-01  0.410477E-01 -0.172757E-01  0.680954E-01  0.255273E-01  0.790816E-01  0.622943E-01  0.331779E+00  0.907132E-01  0.305785E+00
 0.500000  0.500000  0.031250   4.45610  0.333036E+00  0.413497E-01  0.128324E+00  0.702550E-01  0.931634E-01  0.759423E-01  0.413497E-01 -0.241573E-01  0.702550E-01  0.256981E-01  0.759423E-01  0.613991E-01  0.333035E+00  0.883424E-01  0.304164E+00
 0.500000  0.500000  0.000000   4.48735  0.333458E+00  0.414341E-01  0.128530E+00  0.732293E-01  0.933145E-01  0.732294E-01  0.414341E-01 -0.265177E-01  0.726564E-01  0.257557E-01  0.726564E-01  0.610968E-01  0.333458E+00  0.875518E-01  0.303622E+00
