
 **** DERIVATIVE DATABASE ****    
+DDB, Version number     10929

  Note : temporary (transfer) database                                                                                                                                                                                                                                   

     natom         5
      nkpt       512
    nsppol         1
      nsym        48
    ntypat         3
    occopt         1
     nband        22
     acell  0.74644182248983D+01  0.74644182248983D+01  0.74644182248983D+01
       amu  0.20720000000000D+03  0.47880000000000D+02  0.15999400000000D+02
   dilatmx  0.10000000000000D+01
      ecut  0.40000000000000D+02
    ecutsm  0.00000000000000D+00
     intxc         0
      iscf         5
       ixc         3
       kpt  0.62500000000000D-01  0.62500000000000D-01  0.62500000000000D-01
            0.18750000000000D+00  0.62500000000000D-01  0.62500000000000D-01
            0.31250000000000D+00  0.62500000000000D-01  0.62500000000000D-01
            0.43750000000000D+00  0.62500000000000D-01  0.62500000000000D-01
           -0.43750000000000D+00  0.62500000000000D-01  0.62500000000000D-01
           -0.31250000000000D+00  0.62500000000000D-01  0.62500000000000D-01
           -0.18750000000000D+00  0.62500000000000D-01  0.62500000000000D-01
           -0.62500000000000D-01  0.62500000000000D-01  0.62500000000000D-01
            0.62500000000000D-01  0.18750000000000D+00  0.62500000000000D-01
            0.18750000000000D+00  0.18750000000000D+00  0.62500000000000D-01
            0.31250000000000D+00  0.18750000000000D+00  0.62500000000000D-01
            0.43750000000000D+00  0.18750000000000D+00  0.62500000000000D-01
           -0.43750000000000D+00  0.18750000000000D+00  0.62500000000000D-01
           -0.31250000000000D+00  0.18750000000000D+00  0.62500000000000D-01
           -0.18750000000000D+00  0.18750000000000D+00  0.62500000000000D-01
           -0.62500000000000D-01  0.18750000000000D+00  0.62500000000000D-01
            0.62500000000000D-01  0.31250000000000D+00  0.62500000000000D-01
            0.18750000000000D+00  0.31250000000000D+00  0.62500000000000D-01
            0.31250000000000D+00  0.31250000000000D+00  0.62500000000000D-01
            0.43750000000000D+00  0.31250000000000D+00  0.62500000000000D-01
           -0.43750000000000D+00  0.31250000000000D+00  0.62500000000000D-01
           -0.31250000000000D+00  0.31250000000000D+00  0.62500000000000D-01
           -0.18750000000000D+00  0.31250000000000D+00  0.62500000000000D-01
           -0.62500000000000D-01  0.31250000000000D+00  0.62500000000000D-01
            0.62500000000000D-01  0.43750000000000D+00  0.62500000000000D-01
            0.18750000000000D+00  0.43750000000000D+00  0.62500000000000D-01
            0.31250000000000D+00  0.43750000000000D+00  0.62500000000000D-01
            0.43750000000000D+00  0.43750000000000D+00  0.62500000000000D-01
           -0.43750000000000D+00  0.43750000000000D+00  0.62500000000000D-01
           -0.31250000000000D+00  0.43750000000000D+00  0.62500000000000D-01
           -0.18750000000000D+00  0.43750000000000D+00  0.62500000000000D-01
           -0.62500000000000D-01  0.43750000000000D+00  0.62500000000000D-01
            0.62500000000000D-01 -0.43750000000000D+00  0.62500000000000D-01
            0.18750000000000D+00 -0.43750000000000D+00  0.62500000000000D-01
            0.31250000000000D+00 -0.43750000000000D+00  0.62500000000000D-01
            0.43750000000000D+00 -0.43750000000000D+00  0.62500000000000D-01
           -0.43750000000000D+00 -0.43750000000000D+00  0.62500000000000D-01
           -0.31250000000000D+00 -0.43750000000000D+00  0.62500000000000D-01
           -0.18750000000000D+00 -0.43750000000000D+00  0.62500000000000D-01
           -0.62500000000000D-01 -0.43750000000000D+00  0.62500000000000D-01
            0.62500000000000D-01 -0.31250000000000D+00  0.62500000000000D-01
            0.18750000000000D+00 -0.31250000000000D+00  0.62500000000000D-01
            0.31250000000000D+00 -0.31250000000000D+00  0.62500000000000D-01
            0.43750000000000D+00 -0.31250000000000D+00  0.62500000000000D-01
           -0.43750000000000D+00 -0.31250000000000D+00  0.62500000000000D-01
           -0.31250000000000D+00 -0.31250000000000D+00  0.62500000000000D-01
           -0.18750000000000D+00 -0.31250000000000D+00  0.62500000000000D-01
           -0.62500000000000D-01 -0.31250000000000D+00  0.62500000000000D-01
            0.62500000000000D-01 -0.18750000000000D+00  0.62500000000000D-01
            0.18750000000000D+00 -0.18750000000000D+00  0.62500000000000D-01
            0.31250000000000D+00 -0.18750000000000D+00  0.62500000000000D-01
            0.43750000000000D+00 -0.18750000000000D+00  0.62500000000000D-01
           -0.43750000000000D+00 -0.18750000000000D+00  0.62500000000000D-01
           -0.31250000000000D+00 -0.18750000000000D+00  0.62500000000000D-01
           -0.18750000000000D+00 -0.18750000000000D+00  0.62500000000000D-01
           -0.62500000000000D-01 -0.18750000000000D+00  0.62500000000000D-01
            0.62500000000000D-01 -0.62500000000000D-01  0.62500000000000D-01
            0.18750000000000D+00 -0.62500000000000D-01  0.62500000000000D-01
            0.31250000000000D+00 -0.62500000000000D-01  0.62500000000000D-01
            0.43750000000000D+00 -0.62500000000000D-01  0.62500000000000D-01
           -0.43750000000000D+00 -0.62500000000000D-01  0.62500000000000D-01
           -0.31250000000000D+00 -0.62500000000000D-01  0.62500000000000D-01
           -0.18750000000000D+00 -0.62500000000000D-01  0.62500000000000D-01
           -0.62500000000000D-01 -0.62500000000000D-01  0.62500000000000D-01
            0.62500000000000D-01  0.62500000000000D-01  0.18750000000000D+00
            0.18750000000000D+00  0.62500000000000D-01  0.18750000000000D+00
            0.31250000000000D+00  0.62500000000000D-01  0.18750000000000D+00
            0.43750000000000D+00  0.62500000000000D-01  0.18750000000000D+00
           -0.43750000000000D+00  0.62500000000000D-01  0.18750000000000D+00
           -0.31250000000000D+00  0.62500000000000D-01  0.18750000000000D+00
           -0.18750000000000D+00  0.62500000000000D-01  0.18750000000000D+00
           -0.62500000000000D-01  0.62500000000000D-01  0.18750000000000D+00
            0.62500000000000D-01  0.18750000000000D+00  0.18750000000000D+00
            0.18750000000000D+00  0.18750000000000D+00  0.18750000000000D+00
            0.31250000000000D+00  0.18750000000000D+00  0.18750000000000D+00
            0.43750000000000D+00  0.18750000000000D+00  0.18750000000000D+00
           -0.43750000000000D+00  0.18750000000000D+00  0.18750000000000D+00
           -0.31250000000000D+00  0.18750000000000D+00  0.18750000000000D+00
           -0.18750000000000D+00  0.18750000000000D+00  0.18750000000000D+00
           -0.62500000000000D-01  0.18750000000000D+00  0.18750000000000D+00
            0.62500000000000D-01  0.31250000000000D+00  0.18750000000000D+00
            0.18750000000000D+00  0.31250000000000D+00  0.18750000000000D+00
            0.31250000000000D+00  0.31250000000000D+00  0.18750000000000D+00
            0.43750000000000D+00  0.31250000000000D+00  0.18750000000000D+00
           -0.43750000000000D+00  0.31250000000000D+00  0.18750000000000D+00
           -0.31250000000000D+00  0.31250000000000D+00  0.18750000000000D+00
           -0.18750000000000D+00  0.31250000000000D+00  0.18750000000000D+00
           -0.62500000000000D-01  0.31250000000000D+00  0.18750000000000D+00
            0.62500000000000D-01  0.43750000000000D+00  0.18750000000000D+00
            0.18750000000000D+00  0.43750000000000D+00  0.18750000000000D+00
            0.31250000000000D+00  0.43750000000000D+00  0.18750000000000D+00
            0.43750000000000D+00  0.43750000000000D+00  0.18750000000000D+00
           -0.43750000000000D+00  0.43750000000000D+00  0.18750000000000D+00
           -0.31250000000000D+00  0.43750000000000D+00  0.18750000000000D+00
           -0.18750000000000D+00  0.43750000000000D+00  0.18750000000000D+00
           -0.62500000000000D-01  0.43750000000000D+00  0.18750000000000D+00
            0.62500000000000D-01 -0.43750000000000D+00  0.18750000000000D+00
            0.18750000000000D+00 -0.43750000000000D+00  0.18750000000000D+00
            0.31250000000000D+00 -0.43750000000000D+00  0.18750000000000D+00
            0.43750000000000D+00 -0.43750000000000D+00  0.18750000000000D+00
           -0.43750000000000D+00 -0.43750000000000D+00  0.18750000000000D+00
           -0.31250000000000D+00 -0.43750000000000D+00  0.18750000000000D+00
           -0.18750000000000D+00 -0.43750000000000D+00  0.18750000000000D+00
           -0.62500000000000D-01 -0.43750000000000D+00  0.18750000000000D+00
            0.62500000000000D-01 -0.31250000000000D+00  0.18750000000000D+00
            0.18750000000000D+00 -0.31250000000000D+00  0.18750000000000D+00
            0.31250000000000D+00 -0.31250000000000D+00  0.18750000000000D+00
            0.43750000000000D+00 -0.31250000000000D+00  0.18750000000000D+00
           -0.43750000000000D+00 -0.31250000000000D+00  0.18750000000000D+00
           -0.31250000000000D+00 -0.31250000000000D+00  0.18750000000000D+00
           -0.18750000000000D+00 -0.31250000000000D+00  0.18750000000000D+00
           -0.62500000000000D-01 -0.31250000000000D+00  0.18750000000000D+00
            0.62500000000000D-01 -0.18750000000000D+00  0.18750000000000D+00
            0.18750000000000D+00 -0.18750000000000D+00  0.18750000000000D+00
            0.31250000000000D+00 -0.18750000000000D+00  0.18750000000000D+00
            0.43750000000000D+00 -0.18750000000000D+00  0.18750000000000D+00
           -0.43750000000000D+00 -0.18750000000000D+00  0.18750000000000D+00
           -0.31250000000000D+00 -0.18750000000000D+00  0.18750000000000D+00
           -0.18750000000000D+00 -0.18750000000000D+00  0.18750000000000D+00
           -0.62500000000000D-01 -0.18750000000000D+00  0.18750000000000D+00
            0.62500000000000D-01 -0.62500000000000D-01  0.18750000000000D+00
            0.18750000000000D+00 -0.62500000000000D-01  0.18750000000000D+00
            0.31250000000000D+00 -0.62500000000000D-01  0.18750000000000D+00
            0.43750000000000D+00 -0.62500000000000D-01  0.18750000000000D+00
           -0.43750000000000D+00 -0.62500000000000D-01  0.18750000000000D+00
           -0.31250000000000D+00 -0.62500000000000D-01  0.18750000000000D+00
           -0.18750000000000D+00 -0.62500000000000D-01  0.18750000000000D+00
           -0.62500000000000D-01 -0.62500000000000D-01  0.18750000000000D+00
            0.62500000000000D-01  0.62500000000000D-01  0.31250000000000D+00
            0.18750000000000D+00  0.62500000000000D-01  0.31250000000000D+00
            0.31250000000000D+00  0.62500000000000D-01  0.31250000000000D+00
            0.43750000000000D+00  0.62500000000000D-01  0.31250000000000D+00
           -0.43750000000000D+00  0.62500000000000D-01  0.31250000000000D+00
           -0.31250000000000D+00  0.62500000000000D-01  0.31250000000000D+00
           -0.18750000000000D+00  0.62500000000000D-01  0.31250000000000D+00
           -0.62500000000000D-01  0.62500000000000D-01  0.31250000000000D+00
            0.62500000000000D-01  0.18750000000000D+00  0.31250000000000D+00
            0.18750000000000D+00  0.18750000000000D+00  0.31250000000000D+00
            0.31250000000000D+00  0.18750000000000D+00  0.31250000000000D+00
            0.43750000000000D+00  0.18750000000000D+00  0.31250000000000D+00
           -0.43750000000000D+00  0.18750000000000D+00  0.31250000000000D+00
           -0.31250000000000D+00  0.18750000000000D+00  0.31250000000000D+00
           -0.18750000000000D+00  0.18750000000000D+00  0.31250000000000D+00
           -0.62500000000000D-01  0.18750000000000D+00  0.31250000000000D+00
            0.62500000000000D-01  0.31250000000000D+00  0.31250000000000D+00
            0.18750000000000D+00  0.31250000000000D+00  0.31250000000000D+00
            0.31250000000000D+00  0.31250000000000D+00  0.31250000000000D+00
            0.43750000000000D+00  0.31250000000000D+00  0.31250000000000D+00
           -0.43750000000000D+00  0.31250000000000D+00  0.31250000000000D+00
           -0.31250000000000D+00  0.31250000000000D+00  0.31250000000000D+00
           -0.18750000000000D+00  0.31250000000000D+00  0.31250000000000D+00
           -0.62500000000000D-01  0.31250000000000D+00  0.31250000000000D+00
            0.62500000000000D-01  0.43750000000000D+00  0.31250000000000D+00
            0.18750000000000D+00  0.43750000000000D+00  0.31250000000000D+00
            0.31250000000000D+00  0.43750000000000D+00  0.31250000000000D+00
            0.43750000000000D+00  0.43750000000000D+00  0.31250000000000D+00
           -0.43750000000000D+00  0.43750000000000D+00  0.31250000000000D+00
           -0.31250000000000D+00  0.43750000000000D+00  0.31250000000000D+00
           -0.18750000000000D+00  0.43750000000000D+00  0.31250000000000D+00
           -0.62500000000000D-01  0.43750000000000D+00  0.31250000000000D+00
            0.62500000000000D-01 -0.43750000000000D+00  0.31250000000000D+00
            0.18750000000000D+00 -0.43750000000000D+00  0.31250000000000D+00
            0.31250000000000D+00 -0.43750000000000D+00  0.31250000000000D+00
            0.43750000000000D+00 -0.43750000000000D+00  0.31250000000000D+00
           -0.43750000000000D+00 -0.43750000000000D+00  0.31250000000000D+00
           -0.31250000000000D+00 -0.43750000000000D+00  0.31250000000000D+00
           -0.18750000000000D+00 -0.43750000000000D+00  0.31250000000000D+00
           -0.62500000000000D-01 -0.43750000000000D+00  0.31250000000000D+00
            0.62500000000000D-01 -0.31250000000000D+00  0.31250000000000D+00
            0.18750000000000D+00 -0.31250000000000D+00  0.31250000000000D+00
            0.31250000000000D+00 -0.31250000000000D+00  0.31250000000000D+00
            0.43750000000000D+00 -0.31250000000000D+00  0.31250000000000D+00
           -0.43750000000000D+00 -0.31250000000000D+00  0.31250000000000D+00
           -0.31250000000000D+00 -0.31250000000000D+00  0.31250000000000D+00
           -0.18750000000000D+00 -0.31250000000000D+00  0.31250000000000D+00
           -0.62500000000000D-01 -0.31250000000000D+00  0.31250000000000D+00
            0.62500000000000D-01 -0.18750000000000D+00  0.31250000000000D+00
            0.18750000000000D+00 -0.18750000000000D+00  0.31250000000000D+00
            0.31250000000000D+00 -0.18750000000000D+00  0.31250000000000D+00
            0.43750000000000D+00 -0.18750000000000D+00  0.31250000000000D+00
           -0.43750000000000D+00 -0.18750000000000D+00  0.31250000000000D+00
           -0.31250000000000D+00 -0.18750000000000D+00  0.31250000000000D+00
           -0.18750000000000D+00 -0.18750000000000D+00  0.31250000000000D+00
           -0.62500000000000D-01 -0.18750000000000D+00  0.31250000000000D+00
            0.62500000000000D-01 -0.62500000000000D-01  0.31250000000000D+00
            0.18750000000000D+00 -0.62500000000000D-01  0.31250000000000D+00
            0.31250000000000D+00 -0.62500000000000D-01  0.31250000000000D+00
            0.43750000000000D+00 -0.62500000000000D-01  0.31250000000000D+00
           -0.43750000000000D+00 -0.62500000000000D-01  0.31250000000000D+00
           -0.31250000000000D+00 -0.62500000000000D-01  0.31250000000000D+00
           -0.18750000000000D+00 -0.62500000000000D-01  0.31250000000000D+00
           -0.62500000000000D-01 -0.62500000000000D-01  0.31250000000000D+00
            0.62500000000000D-01  0.62500000000000D-01  0.43750000000000D+00
            0.18750000000000D+00  0.62500000000000D-01  0.43750000000000D+00
            0.31250000000000D+00  0.62500000000000D-01  0.43750000000000D+00
            0.43750000000000D+00  0.62500000000000D-01  0.43750000000000D+00
           -0.43750000000000D+00  0.62500000000000D-01  0.43750000000000D+00
           -0.31250000000000D+00  0.62500000000000D-01  0.43750000000000D+00
           -0.18750000000000D+00  0.62500000000000D-01  0.43750000000000D+00
           -0.62500000000000D-01  0.62500000000000D-01  0.43750000000000D+00
            0.62500000000000D-01  0.18750000000000D+00  0.43750000000000D+00
            0.18750000000000D+00  0.18750000000000D+00  0.43750000000000D+00
            0.31250000000000D+00  0.18750000000000D+00  0.43750000000000D+00
            0.43750000000000D+00  0.18750000000000D+00  0.43750000000000D+00
           -0.43750000000000D+00  0.18750000000000D+00  0.43750000000000D+00
           -0.31250000000000D+00  0.18750000000000D+00  0.43750000000000D+00
           -0.18750000000000D+00  0.18750000000000D+00  0.43750000000000D+00
           -0.62500000000000D-01  0.18750000000000D+00  0.43750000000000D+00
            0.62500000000000D-01  0.31250000000000D+00  0.43750000000000D+00
            0.18750000000000D+00  0.31250000000000D+00  0.43750000000000D+00
            0.31250000000000D+00  0.31250000000000D+00  0.43750000000000D+00
            0.43750000000000D+00  0.31250000000000D+00  0.43750000000000D+00
           -0.43750000000000D+00  0.31250000000000D+00  0.43750000000000D+00
           -0.31250000000000D+00  0.31250000000000D+00  0.43750000000000D+00
           -0.18750000000000D+00  0.31250000000000D+00  0.43750000000000D+00
           -0.62500000000000D-01  0.31250000000000D+00  0.43750000000000D+00
            0.62500000000000D-01  0.43750000000000D+00  0.43750000000000D+00
            0.18750000000000D+00  0.43750000000000D+00  0.43750000000000D+00
            0.31250000000000D+00  0.43750000000000D+00  0.43750000000000D+00
            0.43750000000000D+00  0.43750000000000D+00  0.43750000000000D+00
           -0.43750000000000D+00  0.43750000000000D+00  0.43750000000000D+00
           -0.31250000000000D+00  0.43750000000000D+00  0.43750000000000D+00
           -0.18750000000000D+00  0.43750000000000D+00  0.43750000000000D+00
           -0.62500000000000D-01  0.43750000000000D+00  0.43750000000000D+00
            0.62500000000000D-01 -0.43750000000000D+00  0.43750000000000D+00
            0.18750000000000D+00 -0.43750000000000D+00  0.43750000000000D+00
            0.31250000000000D+00 -0.43750000000000D+00  0.43750000000000D+00
            0.43750000000000D+00 -0.43750000000000D+00  0.43750000000000D+00
           -0.43750000000000D+00 -0.43750000000000D+00  0.43750000000000D+00
           -0.31250000000000D+00 -0.43750000000000D+00  0.43750000000000D+00
           -0.18750000000000D+00 -0.43750000000000D+00  0.43750000000000D+00
           -0.62500000000000D-01 -0.43750000000000D+00  0.43750000000000D+00
            0.62500000000000D-01 -0.31250000000000D+00  0.43750000000000D+00
            0.18750000000000D+00 -0.31250000000000D+00  0.43750000000000D+00
            0.31250000000000D+00 -0.31250000000000D+00  0.43750000000000D+00
            0.43750000000000D+00 -0.31250000000000D+00  0.43750000000000D+00
           -0.43750000000000D+00 -0.31250000000000D+00  0.43750000000000D+00
           -0.31250000000000D+00 -0.31250000000000D+00  0.43750000000000D+00
           -0.18750000000000D+00 -0.31250000000000D+00  0.43750000000000D+00
           -0.62500000000000D-01 -0.31250000000000D+00  0.43750000000000D+00
            0.62500000000000D-01 -0.18750000000000D+00  0.43750000000000D+00
            0.18750000000000D+00 -0.18750000000000D+00  0.43750000000000D+00
            0.31250000000000D+00 -0.18750000000000D+00  0.43750000000000D+00
            0.43750000000000D+00 -0.18750000000000D+00  0.43750000000000D+00
           -0.43750000000000D+00 -0.18750000000000D+00  0.43750000000000D+00
           -0.31250000000000D+00 -0.18750000000000D+00  0.43750000000000D+00
           -0.18750000000000D+00 -0.18750000000000D+00  0.43750000000000D+00
           -0.62500000000000D-01 -0.18750000000000D+00  0.43750000000000D+00
            0.62500000000000D-01 -0.62500000000000D-01  0.43750000000000D+00
            0.18750000000000D+00 -0.62500000000000D-01  0.43750000000000D+00
            0.31250000000000D+00 -0.62500000000000D-01  0.43750000000000D+00
            0.43750000000000D+00 -0.62500000000000D-01  0.43750000000000D+00
           -0.43750000000000D+00 -0.62500000000000D-01  0.43750000000000D+00
           -0.31250000000000D+00 -0.62500000000000D-01  0.43750000000000D+00
           -0.18750000000000D+00 -0.62500000000000D-01  0.43750000000000D+00
           -0.62500000000000D-01 -0.62500000000000D-01  0.43750000000000D+00
            0.62500000000000D-01  0.62500000000000D-01 -0.43750000000000D+00
            0.18750000000000D+00  0.62500000000000D-01 -0.43750000000000D+00
            0.31250000000000D+00  0.62500000000000D-01 -0.43750000000000D+00
            0.43750000000000D+00  0.62500000000000D-01 -0.43750000000000D+00
           -0.43750000000000D+00  0.62500000000000D-01 -0.43750000000000D+00
           -0.31250000000000D+00  0.62500000000000D-01 -0.43750000000000D+00
           -0.18750000000000D+00  0.62500000000000D-01 -0.43750000000000D+00
           -0.62500000000000D-01  0.62500000000000D-01 -0.43750000000000D+00
            0.62500000000000D-01  0.18750000000000D+00 -0.43750000000000D+00
            0.18750000000000D+00  0.18750000000000D+00 -0.43750000000000D+00
            0.31250000000000D+00  0.18750000000000D+00 -0.43750000000000D+00
            0.43750000000000D+00  0.18750000000000D+00 -0.43750000000000D+00
           -0.43750000000000D+00  0.18750000000000D+00 -0.43750000000000D+00
           -0.31250000000000D+00  0.18750000000000D+00 -0.43750000000000D+00
           -0.18750000000000D+00  0.18750000000000D+00 -0.43750000000000D+00
           -0.62500000000000D-01  0.18750000000000D+00 -0.43750000000000D+00
            0.62500000000000D-01  0.31250000000000D+00 -0.43750000000000D+00
            0.18750000000000D+00  0.31250000000000D+00 -0.43750000000000D+00
            0.31250000000000D+00  0.31250000000000D+00 -0.43750000000000D+00
            0.43750000000000D+00  0.31250000000000D+00 -0.43750000000000D+00
           -0.43750000000000D+00  0.31250000000000D+00 -0.43750000000000D+00
           -0.31250000000000D+00  0.31250000000000D+00 -0.43750000000000D+00
           -0.18750000000000D+00  0.31250000000000D+00 -0.43750000000000D+00
           -0.62500000000000D-01  0.31250000000000D+00 -0.43750000000000D+00
            0.62500000000000D-01  0.43750000000000D+00 -0.43750000000000D+00
            0.18750000000000D+00  0.43750000000000D+00 -0.43750000000000D+00
            0.31250000000000D+00  0.43750000000000D+00 -0.43750000000000D+00
            0.43750000000000D+00  0.43750000000000D+00 -0.43750000000000D+00
           -0.43750000000000D+00  0.43750000000000D+00 -0.43750000000000D+00
           -0.31250000000000D+00  0.43750000000000D+00 -0.43750000000000D+00
           -0.18750000000000D+00  0.43750000000000D+00 -0.43750000000000D+00
           -0.62500000000000D-01  0.43750000000000D+00 -0.43750000000000D+00
            0.62500000000000D-01 -0.43750000000000D+00 -0.43750000000000D+00
            0.18750000000000D+00 -0.43750000000000D+00 -0.43750000000000D+00
            0.31250000000000D+00 -0.43750000000000D+00 -0.43750000000000D+00
            0.43750000000000D+00 -0.43750000000000D+00 -0.43750000000000D+00
           -0.43750000000000D+00 -0.43750000000000D+00 -0.43750000000000D+00
           -0.31250000000000D+00 -0.43750000000000D+00 -0.43750000000000D+00
           -0.18750000000000D+00 -0.43750000000000D+00 -0.43750000000000D+00
           -0.62500000000000D-01 -0.43750000000000D+00 -0.43750000000000D+00
            0.62500000000000D-01 -0.31250000000000D+00 -0.43750000000000D+00
            0.18750000000000D+00 -0.31250000000000D+00 -0.43750000000000D+00
            0.31250000000000D+00 -0.31250000000000D+00 -0.43750000000000D+00
            0.43750000000000D+00 -0.31250000000000D+00 -0.43750000000000D+00
           -0.43750000000000D+00 -0.31250000000000D+00 -0.43750000000000D+00
           -0.31250000000000D+00 -0.31250000000000D+00 -0.43750000000000D+00
           -0.18750000000000D+00 -0.31250000000000D+00 -0.43750000000000D+00
           -0.62500000000000D-01 -0.31250000000000D+00 -0.43750000000000D+00
            0.62500000000000D-01 -0.18750000000000D+00 -0.43750000000000D+00
            0.18750000000000D+00 -0.18750000000000D+00 -0.43750000000000D+00
            0.31250000000000D+00 -0.18750000000000D+00 -0.43750000000000D+00
            0.43750000000000D+00 -0.18750000000000D+00 -0.43750000000000D+00
           -0.43750000000000D+00 -0.18750000000000D+00 -0.43750000000000D+00
           -0.31250000000000D+00 -0.18750000000000D+00 -0.43750000000000D+00
           -0.18750000000000D+00 -0.18750000000000D+00 -0.43750000000000D+00
           -0.62500000000000D-01 -0.18750000000000D+00 -0.43750000000000D+00
            0.62500000000000D-01 -0.62500000000000D-01 -0.43750000000000D+00
            0.18750000000000D+00 -0.62500000000000D-01 -0.43750000000000D+00
            0.31250000000000D+00 -0.62500000000000D-01 -0.43750000000000D+00
            0.43750000000000D+00 -0.62500000000000D-01 -0.43750000000000D+00
           -0.43750000000000D+00 -0.62500000000000D-01 -0.43750000000000D+00
           -0.31250000000000D+00 -0.62500000000000D-01 -0.43750000000000D+00
           -0.18750000000000D+00 -0.62500000000000D-01 -0.43750000000000D+00
           -0.62500000000000D-01 -0.62500000000000D-01 -0.43750000000000D+00
            0.62500000000000D-01  0.62500000000000D-01 -0.31250000000000D+00
            0.18750000000000D+00  0.62500000000000D-01 -0.31250000000000D+00
            0.31250000000000D+00  0.62500000000000D-01 -0.31250000000000D+00
            0.43750000000000D+00  0.62500000000000D-01 -0.31250000000000D+00
           -0.43750000000000D+00  0.62500000000000D-01 -0.31250000000000D+00
           -0.31250000000000D+00  0.62500000000000D-01 -0.31250000000000D+00
           -0.18750000000000D+00  0.62500000000000D-01 -0.31250000000000D+00
           -0.62500000000000D-01  0.62500000000000D-01 -0.31250000000000D+00
            0.62500000000000D-01  0.18750000000000D+00 -0.31250000000000D+00
            0.18750000000000D+00  0.18750000000000D+00 -0.31250000000000D+00
            0.31250000000000D+00  0.18750000000000D+00 -0.31250000000000D+00
            0.43750000000000D+00  0.18750000000000D+00 -0.31250000000000D+00
           -0.43750000000000D+00  0.18750000000000D+00 -0.31250000000000D+00
           -0.31250000000000D+00  0.18750000000000D+00 -0.31250000000000D+00
           -0.18750000000000D+00  0.18750000000000D+00 -0.31250000000000D+00
           -0.62500000000000D-01  0.18750000000000D+00 -0.31250000000000D+00
            0.62500000000000D-01  0.31250000000000D+00 -0.31250000000000D+00
            0.18750000000000D+00  0.31250000000000D+00 -0.31250000000000D+00
            0.31250000000000D+00  0.31250000000000D+00 -0.31250000000000D+00
            0.43750000000000D+00  0.31250000000000D+00 -0.31250000000000D+00
           -0.43750000000000D+00  0.31250000000000D+00 -0.31250000000000D+00
           -0.31250000000000D+00  0.31250000000000D+00 -0.31250000000000D+00
           -0.18750000000000D+00  0.31250000000000D+00 -0.31250000000000D+00
           -0.62500000000000D-01  0.31250000000000D+00 -0.31250000000000D+00
            0.62500000000000D-01  0.43750000000000D+00 -0.31250000000000D+00
            0.18750000000000D+00  0.43750000000000D+00 -0.31250000000000D+00
            0.31250000000000D+00  0.43750000000000D+00 -0.31250000000000D+00
            0.43750000000000D+00  0.43750000000000D+00 -0.31250000000000D+00
           -0.43750000000000D+00  0.43750000000000D+00 -0.31250000000000D+00
           -0.31250000000000D+00  0.43750000000000D+00 -0.31250000000000D+00
           -0.18750000000000D+00  0.43750000000000D+00 -0.31250000000000D+00
           -0.62500000000000D-01  0.43750000000000D+00 -0.31250000000000D+00
            0.62500000000000D-01 -0.43750000000000D+00 -0.31250000000000D+00
            0.18750000000000D+00 -0.43750000000000D+00 -0.31250000000000D+00
            0.31250000000000D+00 -0.43750000000000D+00 -0.31250000000000D+00
            0.43750000000000D+00 -0.43750000000000D+00 -0.31250000000000D+00
           -0.43750000000000D+00 -0.43750000000000D+00 -0.31250000000000D+00
           -0.31250000000000D+00 -0.43750000000000D+00 -0.31250000000000D+00
           -0.18750000000000D+00 -0.43750000000000D+00 -0.31250000000000D+00
           -0.62500000000000D-01 -0.43750000000000D+00 -0.31250000000000D+00
            0.62500000000000D-01 -0.31250000000000D+00 -0.31250000000000D+00
            0.18750000000000D+00 -0.31250000000000D+00 -0.31250000000000D+00
            0.31250000000000D+00 -0.31250000000000D+00 -0.31250000000000D+00
            0.43750000000000D+00 -0.31250000000000D+00 -0.31250000000000D+00
           -0.43750000000000D+00 -0.31250000000000D+00 -0.31250000000000D+00
           -0.31250000000000D+00 -0.31250000000000D+00 -0.31250000000000D+00
           -0.18750000000000D+00 -0.31250000000000D+00 -0.31250000000000D+00
           -0.62500000000000D-01 -0.31250000000000D+00 -0.31250000000000D+00
            0.62500000000000D-01 -0.18750000000000D+00 -0.31250000000000D+00
            0.18750000000000D+00 -0.18750000000000D+00 -0.31250000000000D+00
            0.31250000000000D+00 -0.18750000000000D+00 -0.31250000000000D+00
            0.43750000000000D+00 -0.18750000000000D+00 -0.31250000000000D+00
           -0.43750000000000D+00 -0.18750000000000D+00 -0.31250000000000D+00
           -0.31250000000000D+00 -0.18750000000000D+00 -0.31250000000000D+00
           -0.18750000000000D+00 -0.18750000000000D+00 -0.31250000000000D+00
           -0.62500000000000D-01 -0.18750000000000D+00 -0.31250000000000D+00
            0.62500000000000D-01 -0.62500000000000D-01 -0.31250000000000D+00
            0.18750000000000D+00 -0.62500000000000D-01 -0.31250000000000D+00
            0.31250000000000D+00 -0.62500000000000D-01 -0.31250000000000D+00
            0.43750000000000D+00 -0.62500000000000D-01 -0.31250000000000D+00
           -0.43750000000000D+00 -0.62500000000000D-01 -0.31250000000000D+00
           -0.31250000000000D+00 -0.62500000000000D-01 -0.31250000000000D+00
           -0.18750000000000D+00 -0.62500000000000D-01 -0.31250000000000D+00
           -0.62500000000000D-01 -0.62500000000000D-01 -0.31250000000000D+00
            0.62500000000000D-01  0.62500000000000D-01 -0.18750000000000D+00
            0.18750000000000D+00  0.62500000000000D-01 -0.18750000000000D+00
            0.31250000000000D+00  0.62500000000000D-01 -0.18750000000000D+00
            0.43750000000000D+00  0.62500000000000D-01 -0.18750000000000D+00
           -0.43750000000000D+00  0.62500000000000D-01 -0.18750000000000D+00
           -0.31250000000000D+00  0.62500000000000D-01 -0.18750000000000D+00
           -0.18750000000000D+00  0.62500000000000D-01 -0.18750000000000D+00
           -0.62500000000000D-01  0.62500000000000D-01 -0.18750000000000D+00
            0.62500000000000D-01  0.18750000000000D+00 -0.18750000000000D+00
            0.18750000000000D+00  0.18750000000000D+00 -0.18750000000000D+00
            0.31250000000000D+00  0.18750000000000D+00 -0.18750000000000D+00
            0.43750000000000D+00  0.18750000000000D+00 -0.18750000000000D+00
           -0.43750000000000D+00  0.18750000000000D+00 -0.18750000000000D+00
           -0.31250000000000D+00  0.18750000000000D+00 -0.18750000000000D+00
           -0.18750000000000D+00  0.18750000000000D+00 -0.18750000000000D+00
           -0.62500000000000D-01  0.18750000000000D+00 -0.18750000000000D+00
            0.62500000000000D-01  0.31250000000000D+00 -0.18750000000000D+00
            0.18750000000000D+00  0.31250000000000D+00 -0.18750000000000D+00
            0.31250000000000D+00  0.31250000000000D+00 -0.18750000000000D+00
            0.43750000000000D+00  0.31250000000000D+00 -0.18750000000000D+00
           -0.43750000000000D+00  0.31250000000000D+00 -0.18750000000000D+00
           -0.31250000000000D+00  0.31250000000000D+00 -0.18750000000000D+00
           -0.18750000000000D+00  0.31250000000000D+00 -0.18750000000000D+00
           -0.62500000000000D-01  0.31250000000000D+00 -0.18750000000000D+00
            0.62500000000000D-01  0.43750000000000D+00 -0.18750000000000D+00
            0.18750000000000D+00  0.43750000000000D+00 -0.18750000000000D+00
            0.31250000000000D+00  0.43750000000000D+00 -0.18750000000000D+00
            0.43750000000000D+00  0.43750000000000D+00 -0.18750000000000D+00
           -0.43750000000000D+00  0.43750000000000D+00 -0.18750000000000D+00
           -0.31250000000000D+00  0.43750000000000D+00 -0.18750000000000D+00
           -0.18750000000000D+00  0.43750000000000D+00 -0.18750000000000D+00
           -0.62500000000000D-01  0.43750000000000D+00 -0.18750000000000D+00
            0.62500000000000D-01 -0.43750000000000D+00 -0.18750000000000D+00
            0.18750000000000D+00 -0.43750000000000D+00 -0.18750000000000D+00
            0.31250000000000D+00 -0.43750000000000D+00 -0.18750000000000D+00
            0.43750000000000D+00 -0.43750000000000D+00 -0.18750000000000D+00
           -0.43750000000000D+00 -0.43750000000000D+00 -0.18750000000000D+00
           -0.31250000000000D+00 -0.43750000000000D+00 -0.18750000000000D+00
           -0.18750000000000D+00 -0.43750000000000D+00 -0.18750000000000D+00
           -0.62500000000000D-01 -0.43750000000000D+00 -0.18750000000000D+00
            0.62500000000000D-01 -0.31250000000000D+00 -0.18750000000000D+00
            0.18750000000000D+00 -0.31250000000000D+00 -0.18750000000000D+00
            0.31250000000000D+00 -0.31250000000000D+00 -0.18750000000000D+00
            0.43750000000000D+00 -0.31250000000000D+00 -0.18750000000000D+00
           -0.43750000000000D+00 -0.31250000000000D+00 -0.18750000000000D+00
           -0.31250000000000D+00 -0.31250000000000D+00 -0.18750000000000D+00
           -0.18750000000000D+00 -0.31250000000000D+00 -0.18750000000000D+00
           -0.62500000000000D-01 -0.31250000000000D+00 -0.18750000000000D+00
            0.62500000000000D-01 -0.18750000000000D+00 -0.18750000000000D+00
            0.18750000000000D+00 -0.18750000000000D+00 -0.18750000000000D+00
            0.31250000000000D+00 -0.18750000000000D+00 -0.18750000000000D+00
            0.43750000000000D+00 -0.18750000000000D+00 -0.18750000000000D+00
           -0.43750000000000D+00 -0.18750000000000D+00 -0.18750000000000D+00
           -0.31250000000000D+00 -0.18750000000000D+00 -0.18750000000000D+00
           -0.18750000000000D+00 -0.18750000000000D+00 -0.18750000000000D+00
           -0.62500000000000D-01 -0.18750000000000D+00 -0.18750000000000D+00
            0.62500000000000D-01 -0.62500000000000D-01 -0.18750000000000D+00
            0.18750000000000D+00 -0.62500000000000D-01 -0.18750000000000D+00
            0.31250000000000D+00 -0.62500000000000D-01 -0.18750000000000D+00
            0.43750000000000D+00 -0.62500000000000D-01 -0.18750000000000D+00
           -0.43750000000000D+00 -0.62500000000000D-01 -0.18750000000000D+00
           -0.31250000000000D+00 -0.62500000000000D-01 -0.18750000000000D+00
           -0.18750000000000D+00 -0.62500000000000D-01 -0.18750000000000D+00
           -0.62500000000000D-01 -0.62500000000000D-01 -0.18750000000000D+00
            0.62500000000000D-01  0.62500000000000D-01 -0.62500000000000D-01
            0.18750000000000D+00  0.62500000000000D-01 -0.62500000000000D-01
            0.31250000000000D+00  0.62500000000000D-01 -0.62500000000000D-01
            0.43750000000000D+00  0.62500000000000D-01 -0.62500000000000D-01
           -0.43750000000000D+00  0.62500000000000D-01 -0.62500000000000D-01
           -0.31250000000000D+00  0.62500000000000D-01 -0.62500000000000D-01
           -0.18750000000000D+00  0.62500000000000D-01 -0.62500000000000D-01
           -0.62500000000000D-01  0.62500000000000D-01 -0.62500000000000D-01
            0.62500000000000D-01  0.18750000000000D+00 -0.62500000000000D-01
            0.18750000000000D+00  0.18750000000000D+00 -0.62500000000000D-01
            0.31250000000000D+00  0.18750000000000D+00 -0.62500000000000D-01
            0.43750000000000D+00  0.18750000000000D+00 -0.62500000000000D-01
           -0.43750000000000D+00  0.18750000000000D+00 -0.62500000000000D-01
           -0.31250000000000D+00  0.18750000000000D+00 -0.62500000000000D-01
           -0.18750000000000D+00  0.18750000000000D+00 -0.62500000000000D-01
           -0.62500000000000D-01  0.18750000000000D+00 -0.62500000000000D-01
            0.62500000000000D-01  0.31250000000000D+00 -0.62500000000000D-01
            0.18750000000000D+00  0.31250000000000D+00 -0.62500000000000D-01
            0.31250000000000D+00  0.31250000000000D+00 -0.62500000000000D-01
            0.43750000000000D+00  0.31250000000000D+00 -0.62500000000000D-01
           -0.43750000000000D+00  0.31250000000000D+00 -0.62500000000000D-01
           -0.31250000000000D+00  0.31250000000000D+00 -0.62500000000000D-01
           -0.18750000000000D+00  0.31250000000000D+00 -0.62500000000000D-01
           -0.62500000000000D-01  0.31250000000000D+00 -0.62500000000000D-01
            0.62500000000000D-01  0.43750000000000D+00 -0.62500000000000D-01
            0.18750000000000D+00  0.43750000000000D+00 -0.62500000000000D-01
            0.31250000000000D+00  0.43750000000000D+00 -0.62500000000000D-01
            0.43750000000000D+00  0.43750000000000D+00 -0.62500000000000D-01
           -0.43750000000000D+00  0.43750000000000D+00 -0.62500000000000D-01
           -0.31250000000000D+00  0.43750000000000D+00 -0.62500000000000D-01
           -0.18750000000000D+00  0.43750000000000D+00 -0.62500000000000D-01
           -0.62500000000000D-01  0.43750000000000D+00 -0.62500000000000D-01
            0.62500000000000D-01 -0.43750000000000D+00 -0.62500000000000D-01
            0.18750000000000D+00 -0.43750000000000D+00 -0.62500000000000D-01
            0.31250000000000D+00 -0.43750000000000D+00 -0.62500000000000D-01
            0.43750000000000D+00 -0.43750000000000D+00 -0.62500000000000D-01
           -0.43750000000000D+00 -0.43750000000000D+00 -0.62500000000000D-01
           -0.31250000000000D+00 -0.43750000000000D+00 -0.62500000000000D-01
           -0.18750000000000D+00 -0.43750000000000D+00 -0.62500000000000D-01
           -0.62500000000000D-01 -0.43750000000000D+00 -0.62500000000000D-01
            0.62500000000000D-01 -0.31250000000000D+00 -0.62500000000000D-01
            0.18750000000000D+00 -0.31250000000000D+00 -0.62500000000000D-01
            0.31250000000000D+00 -0.31250000000000D+00 -0.62500000000000D-01
            0.43750000000000D+00 -0.31250000000000D+00 -0.62500000000000D-01
           -0.43750000000000D+00 -0.31250000000000D+00 -0.62500000000000D-01
           -0.31250000000000D+00 -0.31250000000000D+00 -0.62500000000000D-01
           -0.18750000000000D+00 -0.31250000000000D+00 -0.62500000000000D-01
           -0.62500000000000D-01 -0.31250000000000D+00 -0.62500000000000D-01
            0.62500000000000D-01 -0.18750000000000D+00 -0.62500000000000D-01
            0.18750000000000D+00 -0.18750000000000D+00 -0.62500000000000D-01
            0.31250000000000D+00 -0.18750000000000D+00 -0.62500000000000D-01
            0.43750000000000D+00 -0.18750000000000D+00 -0.62500000000000D-01
           -0.43750000000000D+00 -0.18750000000000D+00 -0.62500000000000D-01
           -0.31250000000000D+00 -0.18750000000000D+00 -0.62500000000000D-01
           -0.18750000000000D+00 -0.18750000000000D+00 -0.62500000000000D-01
           -0.62500000000000D-01 -0.18750000000000D+00 -0.62500000000000D-01
            0.62500000000000D-01 -0.62500000000000D-01 -0.62500000000000D-01
            0.18750000000000D+00 -0.62500000000000D-01 -0.62500000000000D-01
            0.31250000000000D+00 -0.62500000000000D-01 -0.62500000000000D-01
            0.43750000000000D+00 -0.62500000000000D-01 -0.62500000000000D-01
           -0.43750000000000D+00 -0.62500000000000D-01 -0.62500000000000D-01
           -0.31250000000000D+00 -0.62500000000000D-01 -0.62500000000000D-01
           -0.18750000000000D+00 -0.62500000000000D-01 -0.62500000000000D-01
           -0.62500000000000D-01 -0.62500000000000D-01 -0.62500000000000D-01
    kptnrm  0.10000000000000D+01
     ngfft        45   45   45
    nspden         1
   nspinor         1
       occ  0.20000000000000D+01  0.20000000000000D+01  0.20000000000000D+01
            0.20000000000000D+01  0.20000000000000D+01  0.20000000000000D+01
            0.20000000000000D+01  0.20000000000000D+01  0.20000000000000D+01
            0.20000000000000D+01  0.20000000000000D+01  0.20000000000000D+01
            0.20000000000000D+01  0.20000000000000D+01  0.20000000000000D+01
            0.20000000000000D+01  0.20000000000000D+01  0.20000000000000D+01
            0.20000000000000D+01  0.20000000000000D+01  0.20000000000000D+01
            0.20000000000000D+01
     rprim  0.10000000000000D+01  0.00000000000000D+00  0.00000000000000D+00
            0.00000000000000D+00  0.10000000000000D+01  0.00000000000000D+00
            0.00000000000000D+00  0.00000000000000D+00  0.10000000000000D+01
     sciss  0.00000000000000D+00
    spinat  0.00000000000000D+00  0.00000000000000D+00  0.00000000000000D+00
            0.00000000000000D+00  0.00000000000000D+00  0.00000000000000D+00
            0.00000000000000D+00  0.00000000000000D+00  0.00000000000000D+00
            0.00000000000000D+00  0.00000000000000D+00  0.00000000000000D+00
            0.00000000000000D+00  0.00000000000000D+00  0.00000000000000D+00
    symafm         1    1    1    1    1    1    1    1    1    1    1    1
                   1    1    1    1    1    1    1    1    1    1    1    1
                   1    1    1    1    1    1    1    1    1    1    1    1
                   1    1    1    1    1    1    1    1    1    1    1    1
    symrel         1    0    0    0    1    0    0    0    1
                  -1    0    0    0   -1    0    0    0   -1
                  -1    0    0    0    1    0    0    0   -1
                   1    0    0    0   -1    0    0    0    1
                  -1    0    0    0   -1    0    0    0    1
                   1    0    0    0    1    0    0    0   -1
                   1    0    0    0   -1    0    0    0   -1
                  -1    0    0    0    1    0    0    0    1
                   0    1    0    1    0    0    0    0    1
                   0   -1    0   -1    0    0    0    0   -1
                   0   -1    0    1    0    0    0    0   -1
                   0    1    0   -1    0    0    0    0    1
                   0   -1    0   -1    0    0    0    0    1
                   0    1    0    1    0    0    0    0   -1
                   0    1    0   -1    0    0    0    0   -1
                   0   -1    0    1    0    0    0    0    1
                   0    0    1    1    0    0    0    1    0
                   0    0   -1   -1    0    0    0   -1    0
                   0    0   -1    1    0    0    0   -1    0
                   0    0    1   -1    0    0    0    1    0
                   0    0   -1   -1    0    0    0    1    0
                   0    0    1    1    0    0    0   -1    0
                   0    0    1   -1    0    0    0   -1    0
                   0    0   -1    1    0    0    0    1    0
                   1    0    0    0    0    1    0    1    0
                  -1    0    0    0    0   -1    0   -1    0
                  -1    0    0    0    0    1    0   -1    0
                   1    0    0    0    0   -1    0    1    0
                  -1    0    0    0    0   -1    0    1    0
                   1    0    0    0    0    1    0   -1    0
                   1    0    0    0    0   -1    0   -1    0
                  -1    0    0    0    0    1    0    1    0
                   0    1    0    0    0    1    1    0    0
                   0   -1    0    0    0   -1   -1    0    0
                   0   -1    0    0    0    1   -1    0    0
                   0    1    0    0    0   -1    1    0    0
                   0   -1    0    0    0   -1    1    0    0
                   0    1    0    0    0    1   -1    0    0
                   0    1    0    0    0   -1   -1    0    0
                   0   -1    0    0    0    1    1    0    0
                   0    0    1    0    1    0    1    0    0
                   0    0   -1    0   -1    0   -1    0    0
                   0    0   -1    0    1    0   -1    0    0
                   0    0    1    0   -1    0    1    0    0
                   0    0   -1    0   -1    0    1    0    0
                   0    0    1    0    1    0   -1    0    0
                   0    0    1    0   -1    0   -1    0    0
                   0    0   -1    0    1    0    1    0    0
     tnons  0.00000000000000D+00  0.00000000000000D+00  0.00000000000000D+00
            0.00000000000000D+00  0.00000000000000D+00  0.00000000000000D+00
            0.00000000000000D+00  0.00000000000000D+00  0.00000000000000D+00
            0.00000000000000D+00  0.00000000000000D+00  0.00000000000000D+00
            0.00000000000000D+00  0.00000000000000D+00  0.00000000000000D+00
            0.00000000000000D+00  0.00000000000000D+00  0.00000000000000D+00
            0.00000000000000D+00  0.00000000000000D+00  0.00000000000000D+00
            0.00000000000000D+00  0.00000000000000D+00  0.00000000000000D+00
            0.00000000000000D+00  0.00000000000000D+00  0.00000000000000D+00
            0.00000000000000D+00  0.00000000000000D+00  0.00000000000000D+00
            0.00000000000000D+00  0.00000000000000D+00  0.00000000000000D+00
            0.00000000000000D+00  0.00000000000000D+00  0.00000000000000D+00
            0.00000000000000D+00  0.00000000000000D+00  0.00000000000000D+00
            0.00000000000000D+00  0.00000000000000D+00  0.00000000000000D+00
            0.00000000000000D+00  0.00000000000000D+00  0.00000000000000D+00
            0.00000000000000D+00  0.00000000000000D+00  0.00000000000000D+00
            0.00000000000000D+00  0.00000000000000D+00  0.00000000000000D+00
            0.00000000000000D+00  0.00000000000000D+00  0.00000000000000D+00
            0.00000000000000D+00  0.00000000000000D+00  0.00000000000000D+00
            0.00000000000000D+00  0.00000000000000D+00  0.00000000000000D+00
            0.00000000000000D+00  0.00000000000000D+00  0.00000000000000D+00
            0.00000000000000D+00  0.00000000000000D+00  0.00000000000000D+00
            0.00000000000000D+00  0.00000000000000D+00  0.00000000000000D+00
            0.00000000000000D+00  0.00000000000000D+00  0.00000000000000D+00
            0.00000000000000D+00  0.00000000000000D+00  0.00000000000000D+00
            0.00000000000000D+00  0.00000000000000D+00  0.00000000000000D+00
            0.00000000000000D+00  0.00000000000000D+00  0.00000000000000D+00
            0.00000000000000D+00  0.00000000000000D+00  0.00000000000000D+00
            0.00000000000000D+00  0.00000000000000D+00  0.00000000000000D+00
            0.00000000000000D+00  0.00000000000000D+00  0.00000000000000D+00
            0.00000000000000D+00  0.00000000000000D+00  0.00000000000000D+00
            0.00000000000000D+00  0.00000000000000D+00  0.00000000000000D+00
            0.00000000000000D+00  0.00000000000000D+00  0.00000000000000D+00
            0.00000000000000D+00  0.00000000000000D+00  0.00000000000000D+00
            0.00000000000000D+00  0.00000000000000D+00  0.00000000000000D+00
            0.00000000000000D+00  0.00000000000000D+00  0.00000000000000D+00
            0.00000000000000D+00  0.00000000000000D+00  0.00000000000000D+00
            0.00000000000000D+00  0.00000000000000D+00  0.00000000000000D+00
            0.00000000000000D+00  0.00000000000000D+00  0.00000000000000D+00
            0.00000000000000D+00  0.00000000000000D+00  0.00000000000000D+00
            0.00000000000000D+00  0.00000000000000D+00  0.00000000000000D+00
            0.00000000000000D+00  0.00000000000000D+00  0.00000000000000D+00
            0.00000000000000D+00  0.00000000000000D+00  0.00000000000000D+00
            0.00000000000000D+00  0.00000000000000D+00  0.00000000000000D+00
            0.00000000000000D+00  0.00000000000000D+00  0.00000000000000D+00
            0.00000000000000D+00  0.00000000000000D+00  0.00000000000000D+00
            0.00000000000000D+00  0.00000000000000D+00  0.00000000000000D+00
            0.00000000000000D+00  0.00000000000000D+00  0.00000000000000D+00
    tolwfr  0.10000000000000D+01
   tphysel  0.00000000000000D+00
    tsmear  0.40000000000000D-01
     typat         1    2    3    3    3
       wtk  0.19531250000000D-02  0.19531250000000D-02  0.19531250000000D-02
            0.19531250000000D-02  0.19531250000000D-02  0.19531250000000D-02
            0.19531250000000D-02  0.19531250000000D-02  0.19531250000000D-02
            0.19531250000000D-02  0.19531250000000D-02  0.19531250000000D-02
            0.19531250000000D-02  0.19531250000000D-02  0.19531250000000D-02
            0.19531250000000D-02  0.19531250000000D-02  0.19531250000000D-02
            0.19531250000000D-02  0.19531250000000D-02  0.19531250000000D-02
            0.19531250000000D-02  0.19531250000000D-02  0.19531250000000D-02
            0.19531250000000D-02  0.19531250000000D-02  0.19531250000000D-02
            0.19531250000000D-02  0.19531250000000D-02  0.19531250000000D-02
            0.19531250000000D-02  0.19531250000000D-02  0.19531250000000D-02
            0.19531250000000D-02  0.19531250000000D-02  0.19531250000000D-02
            0.19531250000000D-02  0.19531250000000D-02  0.19531250000000D-02
            0.19531250000000D-02  0.19531250000000D-02  0.19531250000000D-02
            0.19531250000000D-02  0.19531250000000D-02  0.19531250000000D-02
            0.19531250000000D-02  0.19531250000000D-02  0.19531250000000D-02
            0.19531250000000D-02  0.19531250000000D-02  0.19531250000000D-02
            0.19531250000000D-02  0.19531250000000D-02  0.19531250000000D-02
            0.19531250000000D-02  0.19531250000000D-02  0.19531250000000D-02
            0.19531250000000D-02  0.19531250000000D-02  0.19531250000000D-02
            0.19531250000000D-02  0.19531250000000D-02  0.19531250000000D-02
            0.19531250000000D-02  0.19531250000000D-02  0.19531250000000D-02
            0.19531250000000D-02  0.19531250000000D-02  0.19531250000000D-02
            0.19531250000000D-02  0.19531250000000D-02  0.19531250000000D-02
            0.19531250000000D-02  0.19531250000000D-02  0.19531250000000D-02
            0.19531250000000D-02  0.19531250000000D-02  0.19531250000000D-02
            0.19531250000000D-02  0.19531250000000D-02  0.19531250000000D-02
            0.19531250000000D-02  0.19531250000000D-02  0.19531250000000D-02
            0.19531250000000D-02  0.19531250000000D-02  0.19531250000000D-02
            0.19531250000000D-02  0.19531250000000D-02  0.19531250000000D-02
            0.19531250000000D-02  0.19531250000000D-02  0.19531250000000D-02
            0.19531250000000D-02  0.19531250000000D-02  0.19531250000000D-02
            0.19531250000000D-02  0.19531250000000D-02  0.19531250000000D-02
            0.19531250000000D-02  0.19531250000000D-02  0.19531250000000D-02
            0.19531250000000D-02  0.19531250000000D-02  0.19531250000000D-02
            0.19531250000000D-02  0.19531250000000D-02  0.19531250000000D-02
            0.19531250000000D-02  0.19531250000000D-02  0.19531250000000D-02
            0.19531250000000D-02  0.19531250000000D-02  0.19531250000000D-02
            0.19531250000000D-02  0.19531250000000D-02  0.19531250000000D-02
            0.19531250000000D-02  0.19531250000000D-02  0.19531250000000D-02
            0.19531250000000D-02  0.19531250000000D-02  0.19531250000000D-02
            0.19531250000000D-02  0.19531250000000D-02  0.19531250000000D-02
            0.19531250000000D-02  0.19531250000000D-02  0.19531250000000D-02
            0.19531250000000D-02  0.19531250000000D-02  0.19531250000000D-02
            0.19531250000000D-02  0.19531250000000D-02  0.19531250000000D-02
            0.19531250000000D-02  0.19531250000000D-02  0.19531250000000D-02
            0.19531250000000D-02  0.19531250000000D-02  0.19531250000000D-02
            0.19531250000000D-02  0.19531250000000D-02  0.19531250000000D-02
            0.19531250000000D-02  0.19531250000000D-02  0.19531250000000D-02
            0.19531250000000D-02  0.19531250000000D-02  0.19531250000000D-02
            0.19531250000000D-02  0.19531250000000D-02  0.19531250000000D-02
            0.19531250000000D-02  0.19531250000000D-02  0.19531250000000D-02
            0.19531250000000D-02  0.19531250000000D-02  0.19531250000000D-02
            0.19531250000000D-02  0.19531250000000D-02  0.19531250000000D-02
            0.19531250000000D-02  0.19531250000000D-02  0.19531250000000D-02
            0.19531250000000D-02  0.19531250000000D-02  0.19531250000000D-02
            0.19531250000000D-02  0.19531250000000D-02  0.19531250000000D-02
            0.19531250000000D-02  0.19531250000000D-02  0.19531250000000D-02
            0.19531250000000D-02  0.19531250000000D-02  0.19531250000000D-02
            0.19531250000000D-02  0.19531250000000D-02  0.19531250000000D-02
            0.19531250000000D-02  0.19531250000000D-02  0.19531250000000D-02
            0.19531250000000D-02  0.19531250000000D-02  0.19531250000000D-02
            0.19531250000000D-02  0.19531250000000D-02  0.19531250000000D-02
            0.19531250000000D-02  0.19531250000000D-02  0.19531250000000D-02
            0.19531250000000D-02  0.19531250000000D-02  0.19531250000000D-02
            0.19531250000000D-02  0.19531250000000D-02  0.19531250000000D-02
            0.19531250000000D-02  0.19531250000000D-02  0.19531250000000D-02
            0.19531250000000D-02  0.19531250000000D-02  0.19531250000000D-02
            0.19531250000000D-02  0.19531250000000D-02  0.19531250000000D-02
            0.19531250000000D-02  0.19531250000000D-02  0.19531250000000D-02
            0.19531250000000D-02  0.19531250000000D-02  0.19531250000000D-02
            0.19531250000000D-02  0.19531250000000D-02  0.19531250000000D-02
            0.19531250000000D-02  0.19531250000000D-02  0.19531250000000D-02
            0.19531250000000D-02  0.19531250000000D-02  0.19531250000000D-02
            0.19531250000000D-02  0.19531250000000D-02  0.19531250000000D-02
            0.19531250000000D-02  0.19531250000000D-02  0.19531250000000D-02
            0.19531250000000D-02  0.19531250000000D-02  0.19531250000000D-02
            0.19531250000000D-02  0.19531250000000D-02  0.19531250000000D-02
            0.19531250000000D-02  0.19531250000000D-02  0.19531250000000D-02
            0.19531250000000D-02  0.19531250000000D-02  0.19531250000000D-02
            0.19531250000000D-02  0.19531250000000D-02  0.19531250000000D-02
            0.19531250000000D-02  0.19531250000000D-02  0.19531250000000D-02
            0.19531250000000D-02  0.19531250000000D-02  0.19531250000000D-02
            0.19531250000000D-02  0.19531250000000D-02  0.19531250000000D-02
            0.19531250000000D-02  0.19531250000000D-02  0.19531250000000D-02
            0.19531250000000D-02  0.19531250000000D-02  0.19531250000000D-02
            0.19531250000000D-02  0.19531250000000D-02  0.19531250000000D-02
            0.19531250000000D-02  0.19531250000000D-02  0.19531250000000D-02
            0.19531250000000D-02  0.19531250000000D-02  0.19531250000000D-02
            0.19531250000000D-02  0.19531250000000D-02  0.19531250000000D-02
            0.19531250000000D-02  0.19531250000000D-02  0.19531250000000D-02
            0.19531250000000D-02  0.19531250000000D-02  0.19531250000000D-02
            0.19531250000000D-02  0.19531250000000D-02  0.19531250000000D-02
            0.19531250000000D-02  0.19531250000000D-02  0.19531250000000D-02
            0.19531250000000D-02  0.19531250000000D-02  0.19531250000000D-02
            0.19531250000000D-02  0.19531250000000D-02  0.19531250000000D-02
            0.19531250000000D-02  0.19531250000000D-02  0.19531250000000D-02
            0.19531250000000D-02  0.19531250000000D-02  0.19531250000000D-02
            0.19531250000000D-02  0.19531250000000D-02  0.19531250000000D-02
            0.19531250000000D-02  0.19531250000000D-02  0.19531250000000D-02
            0.19531250000000D-02  0.19531250000000D-02  0.19531250000000D-02
            0.19531250000000D-02  0.19531250000000D-02  0.19531250000000D-02
            0.19531250000000D-02  0.19531250000000D-02  0.19531250000000D-02
            0.19531250000000D-02  0.19531250000000D-02  0.19531250000000D-02
            0.19531250000000D-02  0.19531250000000D-02  0.19531250000000D-02
            0.19531250000000D-02  0.19531250000000D-02  0.19531250000000D-02
            0.19531250000000D-02  0.19531250000000D-02  0.19531250000000D-02
            0.19531250000000D-02  0.19531250000000D-02  0.19531250000000D-02
            0.19531250000000D-02  0.19531250000000D-02  0.19531250000000D-02
            0.19531250000000D-02  0.19531250000000D-02  0.19531250000000D-02
            0.19531250000000D-02  0.19531250000000D-02  0.19531250000000D-02
            0.19531250000000D-02  0.19531250000000D-02  0.19531250000000D-02
            0.19531250000000D-02  0.19531250000000D-02  0.19531250000000D-02
            0.19531250000000D-02  0.19531250000000D-02  0.19531250000000D-02
            0.19531250000000D-02  0.19531250000000D-02  0.19531250000000D-02
            0.19531250000000D-02  0.19531250000000D-02  0.19531250000000D-02
            0.19531250000000D-02  0.19531250000000D-02  0.19531250000000D-02
            0.19531250000000D-02  0.19531250000000D-02  0.19531250000000D-02
            0.19531250000000D-02  0.19531250000000D-02  0.19531250000000D-02
            0.19531250000000D-02  0.19531250000000D-02  0.19531250000000D-02
            0.19531250000000D-02  0.19531250000000D-02  0.19531250000000D-02
            0.19531250000000D-02  0.19531250000000D-02  0.19531250000000D-02
            0.19531250000000D-02  0.19531250000000D-02  0.19531250000000D-02
            0.19531250000000D-02  0.19531250000000D-02  0.19531250000000D-02
            0.19531250000000D-02  0.19531250000000D-02  0.19531250000000D-02
            0.19531250000000D-02  0.19531250000000D-02  0.19531250000000D-02
            0.19531250000000D-02  0.19531250000000D-02  0.19531250000000D-02
            0.19531250000000D-02  0.19531250000000D-02  0.19531250000000D-02
            0.19531250000000D-02  0.19531250000000D-02  0.19531250000000D-02
            0.19531250000000D-02  0.19531250000000D-02  0.19531250000000D-02
            0.19531250000000D-02  0.19531250000000D-02  0.19531250000000D-02
            0.19531250000000D-02  0.19531250000000D-02  0.19531250000000D-02
            0.19531250000000D-02  0.19531250000000D-02  0.19531250000000D-02
            0.19531250000000D-02  0.19531250000000D-02  0.19531250000000D-02
            0.19531250000000D-02  0.19531250000000D-02  0.19531250000000D-02
            0.19531250000000D-02  0.19531250000000D-02  0.19531250000000D-02
            0.19531250000000D-02  0.19531250000000D-02  0.19531250000000D-02
            0.19531250000000D-02  0.19531250000000D-02  0.19531250000000D-02
            0.19531250000000D-02  0.19531250000000D-02  0.19531250000000D-02
            0.19531250000000D-02  0.19531250000000D-02  0.19531250000000D-02
            0.19531250000000D-02  0.19531250000000D-02  0.19531250000000D-02
            0.19531250000000D-02  0.19531250000000D-02  0.19531250000000D-02
            0.19531250000000D-02  0.19531250000000D-02  0.19531250000000D-02
            0.19531250000000D-02  0.19531250000000D-02  0.19531250000000D-02
            0.19531250000000D-02  0.19531250000000D-02  0.19531250000000D-02
            0.19531250000000D-02  0.19531250000000D-02  0.19531250000000D-02
            0.19531250000000D-02  0.19531250000000D-02  0.19531250000000D-02
            0.19531250000000D-02  0.19531250000000D-02  0.19531250000000D-02
            0.19531250000000D-02  0.19531250000000D-02  0.19531250000000D-02
            0.19531250000000D-02  0.19531250000000D-02  0.19531250000000D-02
            0.19531250000000D-02  0.19531250000000D-02  0.19531250000000D-02
            0.19531250000000D-02  0.19531250000000D-02  0.19531250000000D-02
            0.19531250000000D-02  0.19531250000000D-02  0.19531250000000D-02
            0.19531250000000D-02  0.19531250000000D-02  0.19531250000000D-02
            0.19531250000000D-02  0.19531250000000D-02  0.19531250000000D-02
            0.19531250000000D-02  0.19531250000000D-02  0.19531250000000D-02
            0.19531250000000D-02  0.19531250000000D-02  0.19531250000000D-02
            0.19531250000000D-02  0.19531250000000D-02  0.19531250000000D-02
            0.19531250000000D-02  0.19531250000000D-02  0.19531250000000D-02
            0.19531250000000D-02  0.19531250000000D-02  0.19531250000000D-02
            0.19531250000000D-02  0.19531250000000D-02  0.19531250000000D-02
            0.19531250000000D-02  0.19531250000000D-02  0.19531250000000D-02
            0.19531250000000D-02  0.19531250000000D-02  0.19531250000000D-02
            0.19531250000000D-02  0.19531250000000D-02  0.19531250000000D-02
            0.19531250000000D-02  0.19531250000000D-02  0.19531250000000D-02
            0.19531250000000D-02  0.19531250000000D-02  0.19531250000000D-02
            0.19531250000000D-02  0.19531250000000D-02  0.19531250000000D-02
            0.19531250000000D-02  0.19531250000000D-02  0.19531250000000D-02
            0.19531250000000D-02  0.19531250000000D-02  0.19531250000000D-02
            0.19531250000000D-02  0.19531250000000D-02  0.19531250000000D-02
            0.19531250000000D-02  0.19531250000000D-02
      xred  0.00000000000000D+00  0.00000000000000D+00  0.00000000000000D+00
            0.50000000000000D+00  0.50000000000000D+00  0.50000000000000D+00
            0.00000000000000D+00  0.50000000000000D+00  0.50000000000000D+00
            0.50000000000000D+00  0.00000000000000D+00  0.50000000000000D+00
            0.50000000000000D+00  0.50000000000000D+00  0.00000000000000D+00
     znucl  0.82000000000000D+02  0.22000000000000D+02  0.80000000000000D+01
      zion  0.14000000000000D+02  0.12000000000000D+02  0.60000000000000D+01
 
  Description of the potentials (KB energies)
  vrsio8 (for pseudopotentials)= 10929
  dimekb =  6       lmnmax=  6       usepaw=  0
  Atom type=    1   pspso=  0   nekb=   6
  iln lpsang iproj  ekb(:)
     1     0     1     4.6004112E+00  0.0000000E+00  0.0000000E+00  0.0000000E+00
                       0.0000000E+00  0.0000000E+00
     2     0     2     0.0000000E+00  3.7742026E+00  0.0000000E+00  0.0000000E+00
                       0.0000000E+00  0.0000000E+00
     3     1     1     0.0000000E+00  0.0000000E+00  3.3924047E+00  0.0000000E+00
                       0.0000000E+00  0.0000000E+00
     4     1     2     0.0000000E+00  0.0000000E+00  0.0000000E+00  3.8943541E+00
                       0.0000000E+00  0.0000000E+00
     5     2     1     0.0000000E+00  0.0000000E+00  0.0000000E+00  0.0000000E+00
                      -5.9025864E+00  0.0000000E+00
     6     2     2     0.0000000E+00  0.0000000E+00  0.0000000E+00  0.0000000E+00
                      -5.9025864E+00  0.0000000E+00
  Atom type=    2   pspso=  0   nekb=   4
  iln lpsang iproj  ekb(:)
     1     0     1     9.5173163E+00  0.0000000E+00  0.0000000E+00  0.0000000E+00
     2     0     2     0.0000000E+00 -2.3446820E+00  0.0000000E+00  0.0000000E+00
     3     1     1     0.0000000E+00  0.0000000E+00  5.0114063E+00  0.0000000E+00
     4     1     2     0.0000000E+00  0.0000000E+00  0.0000000E+00 -7.4117869E-01
  Atom type=    3   pspso=  0   nekb=   2
  iln lpsang iproj  ekb(:)
     1     0     1     5.7633608E+00  0.0000000E+00
     2     0     2     0.0000000E+00 -1.7984213E+00
 
 **** Database of total energy derivatives ****
 Number of data blocks=    1

 2rd derivatives (non-stat.)  - # elements :     225
 qpt  2.50000000E-01  0.00000000E+00  0.00000000E+00   1.0
   1   1   1   1  0.42650459885899D+01  0.32880749792052D-16
   1   1   2   1  0.12241471463777D-14  0.18157328186029D-13
   1   1   3   1 -0.10412279931526D-13  0.55503776268562D-14
   1   1   1   2  0.18597433613372D+01 -0.18597433613369D+01
   1   1   2   2 -0.13494734610043D-12  0.16122566455312D-12
   1   1   3   2 -0.18027174341971D-13  0.86215453692429D-15
   1   1   1   3 -0.42222745992286D+01 -0.89873692713889D-13
   1   1   2   3 -0.73226318083862D-13  0.41583178757053D-14
   1   1   3   3  0.32012300418645D-14  0.18230300841262D-14
   1   1   1   4 -0.61676499411137D+00  0.61676499409680D+00
   1   1   2   4 -0.85309880919247D-12  0.47592109570506D-12
   1   1   3   4  0.93536274484063D-14  0.19607620146933D-13
   1   1   1   5 -0.61676123318500D+00  0.61676123318497D+00
   1   1   2   5 -0.13288242872664D-13  0.51621827966591D-14
   1   1   3   5  0.17781978309043D-14 -0.15725506072288D-14
   2   1   1   1 -0.45236845583483D-14  0.90796231975393D-15
   2   1   2   1  0.27792284516363D+00  0.43243591187304D-17
   2   1   3   1 -0.27196093520414D-15 -0.91033631813082D-14
   2   1   1   2 -0.12193716120676D-14 -0.67383088377249D-15
   2   1   2   2 -0.70641661947167D+00  0.70641661947243D+00
   2   1   3   2 -0.39545886299351D-14  0.13275007979476D-13
   2   1   1   3 -0.97717972675344D-14 -0.10218311252418D-13
   2   1   2   3  0.84857262518160D+00 -0.12914142833114D-10
   2   1   3   3 -0.38899193550107D-15 -0.12155068548706D-14
   2   1   1   4  0.94449403590237D-15 -0.17295594259770D-14
   2   1   2   4 -0.21978214179439D+00  0.21978214178789D+00
   2   1   3   4 -0.87343629206087D-16 -0.68893410977837D-16
   2   1   1   5 -0.36243253645206D-14  0.32207715515541D-13
   2   1   2   5  0.39156024920003D+00 -0.39156024920060D+00
   2   1   3   5 -0.15967969431129D-15  0.30619654041658D-15
   3   1   1   1 -0.10412279931526D-13 -0.55506236573676D-14
   3   1   2   1 -0.27196093520414D-15  0.91033632115201D-14
   3   1   3   1  0.27792284516181D+00  0.43255750743719D-17
   3   1   1   2 -0.39926049007927D-14  0.17581250053810D-14
   3   1   2   2  0.22155850048780D-14  0.19830525883463D-14
   3   1   3   2 -0.70641661947167D+00  0.70641661947243D+00
   3   1   1   3 -0.38350839177240D-15 -0.10549634975203D-14
   3   1   2   3 -0.77438051115944D-15  0.35706710748658D-15
   3   1   3   3  0.84857262518159D+00 -0.12914142833114D-10
   3   1   1   4 -0.50195237521187D-14  0.27947607271361D-14
   3   1   2   4 -0.13322701086508D-15 -0.39645572539716D-15
   3   1   3   4  0.39158301019005D+00 -0.39158301021331D+00
   3   1   1   5  0.30297124459271D-15 -0.10989492368408D-14
   3   1   2   5  0.51528111979622D-16  0.33687719160623D-15
   3   1   3   5 -0.21978214179440D+00  0.21978214178790D+00
   1   2   1   1  0.18597468287052D+01  0.18597468287049D+01
   1   2   2   1  0.28412372850960D-14 -0.16125383274621D-13
   1   2   3   1 -0.39926049007927D-14 -0.17581250053810D-14
   1   2   1   2  0.13381039161445D+02  0.28968593617791D-14
   1   2   2   2  0.90983638679773D-13  0.74366017450549D-13
   1   2   3   2  0.79628591899403D-15 -0.10912360783450D-13
   1   2   1   3 -0.40126794949307D+01 -0.40126794949306D+01
   1   2   2   3  0.10256584939081D-13 -0.14698448086037D-13
   1   2   3   3  0.18522690034094D-13 -0.11591539544522D-13
   1   2   1   4 -0.36325039383970D+01  0.12310704167498D-10
   1   2   2   4 -0.74556740278539D-12  0.29209399009840D-12
   1   2   3   4 -0.13499557874276D-12  0.42283477362959D-13
   1   2   1   5 -0.36324966564913D+01 -0.22700286381481D-12
   1   2   2   5  0.85862673200930D-14 -0.24644024631887D-14
   1   2   3   5 -0.43137721444063D-14  0.43816516243767D-14
   2   2   1   1 -0.16407008864166D-13 -0.18679647210158D-15
   2   2   2   1 -0.70642273843524D+00 -0.70642273843512D+00
   2   2   3   1  0.22155850048780D-14 -0.19830525883463D-14
   2   2   1   2 -0.87102899998057D-14 -0.23228788524375D-13
   2   2   2   2  0.25753175422869D+00  0.32349669159137D-14
   2   2   3   2 -0.10488799391359D-13  0.28289924719474D-13
   2   2   1   3  0.98789980235535D-14  0.21375726191239D-13
   2   2   2   3  0.16825289103863D-02  0.16825289092992D-02
   2   2   3   3  0.90139251338639D-15 -0.12102828893689D-14
   2   2   1   4 -0.18500050806907D-14  0.17440840581386D-13
   2   2   2   4  0.98000957280232D+00 -0.47589313263986D-12
   2   2   3   4 -0.11166661937699D-13 -0.10834784922805D-13
   2   2   1   5  0.10962406645192D-13  0.25336722880133D-13
   2   2   2   5  0.45550833235282D-01 -0.49258473757243D-13
   2   2   3   5 -0.43092374083494D-14  0.42439927117668D-14
   3   2   1   1 -0.18027174341971D-13 -0.86215453692429D-15
   3   2   2   1 -0.39545886299351D-14 -0.13275007979476D-13
   3   2   3   1 -0.70642273843524D+00 -0.70642273843512D+00
   3   2   1   2  0.79628591899403D-15  0.15817435915316D-13
   3   2   2   2 -0.10488799391359D-13 -0.22887577702917D-13
   3   2   3   2  0.25753175423142D+00  0.32349678092688D-14
   3   2   1   3  0.12072297552815D-13  0.20912506768967D-13
   3   2   2   3  0.56071227448131D-14  0.37621161763647D-14
   3   2   3   3  0.16825289103792D-02  0.16825289092779D-02
   3   2   1   4  0.67216773188913D-15  0.55116782340486D-14
   3   2   2   4 -0.57354220948220D-14 -0.87652262584527D-15
   3   2   3   4  0.45529508332564D-01  0.15530828456349D-11
   3   2   1   5  0.64759489619495D-15 -0.68573015633267D-15
   3   2   2   5 -0.83332936699359D-15 -0.12082287176776D-14
   3   2   3   5  0.98000957280237D+00 -0.47589313264718D-12
   1   3   1   1 -0.42222708531643D+01  0.59292353413210D-13
   1   3   2   1  0.16228269021186D-14  0.21149714396647D-13
   1   3   3   1 -0.38350839177240D-15  0.10549634975203D-14
   1   3   1   2 -0.40126847070813D+01  0.40126847070815D+01
   1   3   2   2 -0.17735640212369D-13  0.59284145868254D-13
   1   3   3   2  0.12072297552815D-13 -0.20912506768967D-13
   1   3   1   3  0.13631003288834D+02  0.60393213903769D-17
   1   3   2   3  0.61352835019238D-13 -0.87679486463201D-14
   1   3   3   3 -0.75149986320993D-14 -0.99499156232470D-14
   1   3   1   4  0.10596987387282D+00 -0.10596987388179D+00
   1   3   2   4  0.25983629391648D-13 -0.53044982585450D-13
   1   3   3   4  0.36142990790757D-13 -0.24411933945621D-13
   1   3   1   5  0.10597136055661D+00 -0.10597136055663D+00
   1   3   2   5 -0.75947661624866D-14  0.39782666767138D-14
   1   3   3   5 -0.55415480820426D-15  0.82260880997915D-15
   2   3   1   1 -0.19499897349274D-14  0.75023621747393D-15
   2   3   2   1  0.84857902899655D+00 -0.67335862622345D-12
   2   3   3   1 -0.77438051115944D-15 -0.35706710748658D-15
   2   3   1   2  0.16118571434152D-13  0.12055923896391D-13
   2   3   2   2  0.16684513926890D-02 -0.16684513923408D-02
   2   3   3   2  0.56071227448131D-14 -0.37621161763647D-14
   2   3   1   3 -0.65012912355903D-15  0.96704363795147D-14
   2   3   2   3  0.21175001823126D+01  0.79427004221578D-18
   2   3   3   3  0.54672021547911D-14  0.83062863741386D-14
   2   3   1   4 -0.69528694499465D-14 -0.34772656841896D-14
   2   3   2   4 -0.12912773254413D+01  0.12912773254435D+01
   2   3   3   4  0.29523094170148D-15 -0.16394914844716D-15
   2   3   1   5 -0.18396838501527D-13  0.20136791014732D-13
   2   3   2   5  0.46715978784388D-01 -0.46715978778032D-01
   2   3   3   5 -0.64305350248063D-16 -0.25673978165779D-15
   3   3   1   1  0.32012300418645D-14 -0.18230300841262D-14
   3   3   2   1 -0.38899193550107D-15  0.12155068548706D-14
   3   3   3   1  0.84857902899654D+00 -0.67335862622350D-12
   3   3   1   2  0.18522690034094D-13  0.11591539544522D-13
   3   3   2   2  0.90139251338639D-15  0.12102828893689D-14
   3   3   3   2  0.16684513926819D-02 -0.16684513923195D-02
   3   3   1   3 -0.75149986320993D-14  0.99498704339694D-14
   3   3   2   3  0.54672021547911D-14 -0.83062863685894D-14
   3   3   3   3  0.21175001823108D+01  0.79449338100709D-18
   3   3   1   4  0.25530998801840D-14  0.10452278965411D-14
   3   3   2   4  0.11316255197358D-14 -0.67866721442755D-15
   3   3   3   4  0.46705352473937D-01 -0.46705352472269D-01
   3   3   1   5  0.11513259611685D-14  0.10553404572167D-14
   3   3   2   5  0.58508582540561D-16 -0.44759042713237D-16
   3   3   3   5 -0.12912773254413D+01  0.12912773254434D+01
   1   4   1   1 -0.61676123318498D+00 -0.61676123318496D+00
   1   4   2   1 -0.15129953384501D-14  0.12527520793901D-13
   1   4   3   1 -0.50195237521187D-14 -0.27947607271361D-14
   1   4   1   2 -0.36324966564913D+01  0.22652121815706D-12
   1   4   2   2  0.38997335529525D-13 -0.65800064611916D-14
   1   4   3   2  0.67216773188913D-15 -0.55116782340486D-14
   1   4   1   3  0.10597136055661D+00  0.10597136055662D+00
   1   4   2   3 -0.30649489292332D-13 -0.21826534855509D-13
   1   4   3   3  0.25530998801840D-14 -0.10452278965411D-14
   1   4   1   4  0.32697612755492D+01  0.19338945679587D-15
   1   4   2   4 -0.26037680069555D-12  0.64422555782228D-13
   1   4   3   4 -0.57618547756948D-13  0.34597713091405D-14
   1   4   1   5  0.13045246301414D+01 -0.34163915395619D-11
   1   4   2   5  0.57855676704579D-14  0.63205723127645D-14
   1   4   3   5 -0.15983047847573D-15 -0.27992952622716D-15
   2   4   1   1  0.13891103080698D-14  0.21905371162686D-14
   2   4   2   1 -0.21976819577761D+00 -0.21976819577898D+00
   2   4   3   1 -0.13322701086508D-15  0.39645572539716D-15
   2   4   1   2 -0.29332577485102D-14  0.17478208904291D-13
   2   4   2   2  0.97996993021400D+00  0.25201980698407D-12
   2   4   3   2 -0.57354220948220D-14  0.87652262584527D-15
   2   4   1   3 -0.83413138113852D-15 -0.68767996480620D-15
   2   4   2   3 -0.12913011468793D+01 -0.12913011468786D+01
   2   4   3   3  0.11316255197358D-14  0.67866721442755D-15
   2   4   1   4  0.45251355808485D-14 -0.13340493078128D-13
   2   4   2   4  0.48427642139068D+01  0.22261473057429D-16
   2   4   3   4  0.27639044134600D-14  0.40580298968974D-14
   2   4   1   5 -0.22946226573418D-12 -0.69866174640680D-13
   2   4   2   5 -0.26315240220461D+01  0.70563515889980D-11
   2   4   3   5 -0.38614305106605D-15  0.33556127926998D-15
   3   4   1   1 -0.16958390032773D-13 -0.42913253514914D-14
   3   4   2   1  0.17422059101933D-15  0.18084567919806D-15
   3   4   3   1  0.39158301019005D+00  0.39158301021331D+00
   3   4   1   2  0.15290750710227D-14 -0.95641913358471D-15
   3   4   2   2  0.64323432374448D-14  0.42002744588926D-14
   3   4   3   2  0.45529508332564D-01 -0.15530828456349D-11
   3   4   1   3 -0.67138526474641D-14 -0.44360051868020D-14
   3   4   2   3  0.10028385456224D-15 -0.32472176597570D-16
   3   4   3   3  0.46705352473937D-01  0.46705352472269D-01
   3   4   1   4 -0.22246790009481D-14  0.12441857195698D-13
   3   4   2   4 -0.23790893854093D-14 -0.68050774061821D-14
   3   4   3   4  0.19317409903697D+01  0.15887117012939D-15
   3   4   1   5 -0.28276924453736D-14  0.11663727502718D-13
   3   4   2   5 -0.85585960524723D-15  0.49863771075165D-15
   3   4   3   5 -0.26315446986475D+01  0.34569105293459D-12
   1   5   1   1 -0.61676123318500D+00 -0.61676123318497D+00
   1   5   2   1 -0.36243253645206D-14 -0.32207715515541D-13
   1   5   3   1  0.30297124459271D-15  0.10989492368408D-14
   1   5   1   2 -0.36324966564913D+01  0.22700286381481D-12
   1   5   2   2  0.10962406645192D-13 -0.25336722880133D-13
   1   5   3   2  0.64759489619495D-15  0.68573015633267D-15
   1   5   1   3  0.10597136055661D+00  0.10597136055663D+00
   1   5   2   3 -0.18396838501527D-13 -0.20136791014732D-13
   1   5   3   3  0.11513259611685D-14 -0.10553404572167D-14
   1   5   1   4  0.13045246301414D+01  0.34163915395619D-11
   1   5   2   4 -0.22946226573418D-12  0.69866174640680D-13
   1   5   3   4 -0.28276924453736D-14 -0.11663727502718D-13
   1   5   1   5  0.32697612755483D+01  0.19338945679587D-15
   1   5   2   5  0.50787106432576D-15  0.13783629301269D-15
   1   5   3   5 -0.85689189578164D-15 -0.22594638802964D-19
   2   5   1   1 -0.13288242872664D-13 -0.51621827966591D-14
   2   5   2   1  0.39156024920003D+00  0.39156024920060D+00
   2   5   3   1  0.51528111979622D-16 -0.33687719160623D-15
   2   5   1   2  0.85862673200930D-14  0.24644024631887D-14
   2   5   2   2  0.45550833235282D-01  0.49258473757243D-13
   2   5   3   2 -0.83332936699359D-15  0.12082287176776D-14
   2   5   1   3 -0.75947661624866D-14 -0.39782666767138D-14
   2   5   2   3  0.46715978784388D-01  0.46715978778032D-01
   2   5   3   3  0.58508582540561D-16  0.44759042713237D-16
   2   5   1   4  0.57855676704579D-14 -0.63205723127645D-14
   2   5   2   4 -0.26315240220461D+01 -0.70563515889980D-11
   2   5   3   4 -0.85585960524723D-15 -0.49863771075165D-15
   2   5   1   5  0.50787106432576D-15  0.13783629301269D-15
   2   5   2   5  0.19317409903701D+01  0.15887094679060D-15
   2   5   3   5 -0.16295055075280D-15  0.00000000000000D+00
   3   5   1   1  0.17781978309043D-14  0.15725506072288D-14
   3   5   2   1 -0.15967969431129D-15 -0.30619654041658D-15
   3   5   3   1 -0.21976819577763D+00 -0.21976819577899D+00
   3   5   1   2 -0.43137721444063D-14 -0.43816516243767D-14
   3   5   2   2 -0.43092374083494D-14 -0.42439927117668D-14
   3   5   3   2  0.97996993021405D+00  0.25201980699139D-12
   3   5   1   3 -0.55415480820426D-15 -0.82260880997915D-15
   3   5   2   3 -0.64305350248063D-16  0.25673978165779D-15
   3   5   3   3 -0.12913011468792D+01 -0.12913011468786D+01
   3   5   1   4 -0.15983047847573D-15  0.27992952622716D-15
   3   5   2   4 -0.38614305106605D-15 -0.33556127926998D-15
   3   5   3   4 -0.26315446986475D+01 -0.34569105293459D-12
   3   5   1   5 -0.85689189578164D-15 -0.22594638802964D-19
   3   5   2   5 -0.16295055075280D-15  0.00000000000000D+00
   3   5   3   5  0.48427642139077D+01  0.22261696396220D-16
