
 **** DERIVATIVE DATABASE ****    
+DDB, Version number     10929

  Note : temporary (transfer) database                                                                                                                                                                                                                                   

     natom         5
      nkpt       256
    nsppol         1
      nsym        48
    ntypat         3
    occopt         1
     nband        22
     acell  0.74644182248983D+01  0.74644182248983D+01  0.74644182248983D+01
       amu  0.20720000000000D+03  0.47880000000000D+02  0.15999400000000D+02
   dilatmx  0.10000000000000D+01
      ecut  0.40000000000000D+02
    ecutsm  0.00000000000000D+00
     intxc         0
      iscf         5
       ixc         3
       kpt  0.62500000000000D-01  0.62500000000000D-01  0.62500000000000D-01
            0.18750000000000D+00  0.62500000000000D-01  0.62500000000000D-01
            0.31250000000000D+00  0.62500000000000D-01  0.62500000000000D-01
            0.43750000000000D+00  0.62500000000000D-01  0.62500000000000D-01
           -0.43750000000000D+00  0.62500000000000D-01  0.62500000000000D-01
           -0.31250000000000D+00  0.62500000000000D-01  0.62500000000000D-01
           -0.18750000000000D+00  0.62500000000000D-01  0.62500000000000D-01
           -0.62500000000000D-01  0.62500000000000D-01  0.62500000000000D-01
            0.62500000000000D-01  0.18750000000000D+00  0.62500000000000D-01
            0.18750000000000D+00  0.18750000000000D+00  0.62500000000000D-01
            0.31250000000000D+00  0.18750000000000D+00  0.62500000000000D-01
            0.43750000000000D+00  0.18750000000000D+00  0.62500000000000D-01
           -0.43750000000000D+00  0.18750000000000D+00  0.62500000000000D-01
           -0.31250000000000D+00  0.18750000000000D+00  0.62500000000000D-01
           -0.18750000000000D+00  0.18750000000000D+00  0.62500000000000D-01
           -0.62500000000000D-01  0.18750000000000D+00  0.62500000000000D-01
            0.62500000000000D-01  0.31250000000000D+00  0.62500000000000D-01
            0.18750000000000D+00  0.31250000000000D+00  0.62500000000000D-01
            0.31250000000000D+00  0.31250000000000D+00  0.62500000000000D-01
            0.43750000000000D+00  0.31250000000000D+00  0.62500000000000D-01
           -0.43750000000000D+00  0.31250000000000D+00  0.62500000000000D-01
           -0.31250000000000D+00  0.31250000000000D+00  0.62500000000000D-01
           -0.18750000000000D+00  0.31250000000000D+00  0.62500000000000D-01
           -0.62500000000000D-01  0.31250000000000D+00  0.62500000000000D-01
            0.62500000000000D-01  0.43750000000000D+00  0.62500000000000D-01
            0.18750000000000D+00  0.43750000000000D+00  0.62500000000000D-01
            0.31250000000000D+00  0.43750000000000D+00  0.62500000000000D-01
            0.43750000000000D+00  0.43750000000000D+00  0.62500000000000D-01
           -0.43750000000000D+00  0.43750000000000D+00  0.62500000000000D-01
           -0.31250000000000D+00  0.43750000000000D+00  0.62500000000000D-01
           -0.18750000000000D+00  0.43750000000000D+00  0.62500000000000D-01
           -0.62500000000000D-01  0.43750000000000D+00  0.62500000000000D-01
            0.62500000000000D-01 -0.43750000000000D+00  0.62500000000000D-01
            0.18750000000000D+00 -0.43750000000000D+00  0.62500000000000D-01
            0.31250000000000D+00 -0.43750000000000D+00  0.62500000000000D-01
            0.43750000000000D+00 -0.43750000000000D+00  0.62500000000000D-01
           -0.43750000000000D+00 -0.43750000000000D+00  0.62500000000000D-01
           -0.31250000000000D+00 -0.43750000000000D+00  0.62500000000000D-01
           -0.18750000000000D+00 -0.43750000000000D+00  0.62500000000000D-01
           -0.62500000000000D-01 -0.43750000000000D+00  0.62500000000000D-01
            0.62500000000000D-01 -0.31250000000000D+00  0.62500000000000D-01
            0.18750000000000D+00 -0.31250000000000D+00  0.62500000000000D-01
            0.31250000000000D+00 -0.31250000000000D+00  0.62500000000000D-01
            0.43750000000000D+00 -0.31250000000000D+00  0.62500000000000D-01
           -0.43750000000000D+00 -0.31250000000000D+00  0.62500000000000D-01
           -0.31250000000000D+00 -0.31250000000000D+00  0.62500000000000D-01
           -0.18750000000000D+00 -0.31250000000000D+00  0.62500000000000D-01
           -0.62500000000000D-01 -0.31250000000000D+00  0.62500000000000D-01
            0.62500000000000D-01 -0.18750000000000D+00  0.62500000000000D-01
            0.18750000000000D+00 -0.18750000000000D+00  0.62500000000000D-01
            0.31250000000000D+00 -0.18750000000000D+00  0.62500000000000D-01
            0.43750000000000D+00 -0.18750000000000D+00  0.62500000000000D-01
           -0.43750000000000D+00 -0.18750000000000D+00  0.62500000000000D-01
           -0.31250000000000D+00 -0.18750000000000D+00  0.62500000000000D-01
           -0.18750000000000D+00 -0.18750000000000D+00  0.62500000000000D-01
           -0.62500000000000D-01 -0.18750000000000D+00  0.62500000000000D-01
            0.62500000000000D-01 -0.62500000000000D-01  0.62500000000000D-01
            0.18750000000000D+00 -0.62500000000000D-01  0.62500000000000D-01
            0.31250000000000D+00 -0.62500000000000D-01  0.62500000000000D-01
            0.43750000000000D+00 -0.62500000000000D-01  0.62500000000000D-01
           -0.43750000000000D+00 -0.62500000000000D-01  0.62500000000000D-01
           -0.31250000000000D+00 -0.62500000000000D-01  0.62500000000000D-01
           -0.18750000000000D+00 -0.62500000000000D-01  0.62500000000000D-01
           -0.62500000000000D-01 -0.62500000000000D-01  0.62500000000000D-01
            0.62500000000000D-01  0.62500000000000D-01  0.18750000000000D+00
            0.18750000000000D+00  0.62500000000000D-01  0.18750000000000D+00
            0.31250000000000D+00  0.62500000000000D-01  0.18750000000000D+00
            0.43750000000000D+00  0.62500000000000D-01  0.18750000000000D+00
           -0.43750000000000D+00  0.62500000000000D-01  0.18750000000000D+00
           -0.31250000000000D+00  0.62500000000000D-01  0.18750000000000D+00
           -0.18750000000000D+00  0.62500000000000D-01  0.18750000000000D+00
           -0.62500000000000D-01  0.62500000000000D-01  0.18750000000000D+00
            0.62500000000000D-01  0.18750000000000D+00  0.18750000000000D+00
            0.18750000000000D+00  0.18750000000000D+00  0.18750000000000D+00
            0.31250000000000D+00  0.18750000000000D+00  0.18750000000000D+00
            0.43750000000000D+00  0.18750000000000D+00  0.18750000000000D+00
           -0.43750000000000D+00  0.18750000000000D+00  0.18750000000000D+00
           -0.31250000000000D+00  0.18750000000000D+00  0.18750000000000D+00
           -0.18750000000000D+00  0.18750000000000D+00  0.18750000000000D+00
           -0.62500000000000D-01  0.18750000000000D+00  0.18750000000000D+00
            0.62500000000000D-01  0.31250000000000D+00  0.18750000000000D+00
            0.18750000000000D+00  0.31250000000000D+00  0.18750000000000D+00
            0.31250000000000D+00  0.31250000000000D+00  0.18750000000000D+00
            0.43750000000000D+00  0.31250000000000D+00  0.18750000000000D+00
           -0.43750000000000D+00  0.31250000000000D+00  0.18750000000000D+00
           -0.31250000000000D+00  0.31250000000000D+00  0.18750000000000D+00
           -0.18750000000000D+00  0.31250000000000D+00  0.18750000000000D+00
           -0.62500000000000D-01  0.31250000000000D+00  0.18750000000000D+00
            0.62500000000000D-01  0.43750000000000D+00  0.18750000000000D+00
            0.18750000000000D+00  0.43750000000000D+00  0.18750000000000D+00
            0.31250000000000D+00  0.43750000000000D+00  0.18750000000000D+00
            0.43750000000000D+00  0.43750000000000D+00  0.18750000000000D+00
           -0.43750000000000D+00  0.43750000000000D+00  0.18750000000000D+00
           -0.31250000000000D+00  0.43750000000000D+00  0.18750000000000D+00
           -0.18750000000000D+00  0.43750000000000D+00  0.18750000000000D+00
           -0.62500000000000D-01  0.43750000000000D+00  0.18750000000000D+00
            0.62500000000000D-01 -0.43750000000000D+00  0.18750000000000D+00
            0.18750000000000D+00 -0.43750000000000D+00  0.18750000000000D+00
            0.31250000000000D+00 -0.43750000000000D+00  0.18750000000000D+00
            0.43750000000000D+00 -0.43750000000000D+00  0.18750000000000D+00
           -0.43750000000000D+00 -0.43750000000000D+00  0.18750000000000D+00
           -0.31250000000000D+00 -0.43750000000000D+00  0.18750000000000D+00
           -0.18750000000000D+00 -0.43750000000000D+00  0.18750000000000D+00
           -0.62500000000000D-01 -0.43750000000000D+00  0.18750000000000D+00
            0.62500000000000D-01 -0.31250000000000D+00  0.18750000000000D+00
            0.18750000000000D+00 -0.31250000000000D+00  0.18750000000000D+00
            0.31250000000000D+00 -0.31250000000000D+00  0.18750000000000D+00
            0.43750000000000D+00 -0.31250000000000D+00  0.18750000000000D+00
           -0.43750000000000D+00 -0.31250000000000D+00  0.18750000000000D+00
           -0.31250000000000D+00 -0.31250000000000D+00  0.18750000000000D+00
           -0.18750000000000D+00 -0.31250000000000D+00  0.18750000000000D+00
           -0.62500000000000D-01 -0.31250000000000D+00  0.18750000000000D+00
            0.62500000000000D-01 -0.18750000000000D+00  0.18750000000000D+00
            0.18750000000000D+00 -0.18750000000000D+00  0.18750000000000D+00
            0.31250000000000D+00 -0.18750000000000D+00  0.18750000000000D+00
            0.43750000000000D+00 -0.18750000000000D+00  0.18750000000000D+00
           -0.43750000000000D+00 -0.18750000000000D+00  0.18750000000000D+00
           -0.31250000000000D+00 -0.18750000000000D+00  0.18750000000000D+00
           -0.18750000000000D+00 -0.18750000000000D+00  0.18750000000000D+00
           -0.62500000000000D-01 -0.18750000000000D+00  0.18750000000000D+00
            0.62500000000000D-01 -0.62500000000000D-01  0.18750000000000D+00
            0.18750000000000D+00 -0.62500000000000D-01  0.18750000000000D+00
            0.31250000000000D+00 -0.62500000000000D-01  0.18750000000000D+00
            0.43750000000000D+00 -0.62500000000000D-01  0.18750000000000D+00
           -0.43750000000000D+00 -0.62500000000000D-01  0.18750000000000D+00
           -0.31250000000000D+00 -0.62500000000000D-01  0.18750000000000D+00
           -0.18750000000000D+00 -0.62500000000000D-01  0.18750000000000D+00
           -0.62500000000000D-01 -0.62500000000000D-01  0.18750000000000D+00
            0.62500000000000D-01  0.62500000000000D-01  0.31250000000000D+00
            0.18750000000000D+00  0.62500000000000D-01  0.31250000000000D+00
            0.31250000000000D+00  0.62500000000000D-01  0.31250000000000D+00
            0.43750000000000D+00  0.62500000000000D-01  0.31250000000000D+00
           -0.43750000000000D+00  0.62500000000000D-01  0.31250000000000D+00
           -0.31250000000000D+00  0.62500000000000D-01  0.31250000000000D+00
           -0.18750000000000D+00  0.62500000000000D-01  0.31250000000000D+00
           -0.62500000000000D-01  0.62500000000000D-01  0.31250000000000D+00
            0.62500000000000D-01  0.18750000000000D+00  0.31250000000000D+00
            0.18750000000000D+00  0.18750000000000D+00  0.31250000000000D+00
            0.31250000000000D+00  0.18750000000000D+00  0.31250000000000D+00
            0.43750000000000D+00  0.18750000000000D+00  0.31250000000000D+00
           -0.43750000000000D+00  0.18750000000000D+00  0.31250000000000D+00
           -0.31250000000000D+00  0.18750000000000D+00  0.31250000000000D+00
           -0.18750000000000D+00  0.18750000000000D+00  0.31250000000000D+00
           -0.62500000000000D-01  0.18750000000000D+00  0.31250000000000D+00
            0.62500000000000D-01  0.31250000000000D+00  0.31250000000000D+00
            0.18750000000000D+00  0.31250000000000D+00  0.31250000000000D+00
            0.31250000000000D+00  0.31250000000000D+00  0.31250000000000D+00
            0.43750000000000D+00  0.31250000000000D+00  0.31250000000000D+00
           -0.43750000000000D+00  0.31250000000000D+00  0.31250000000000D+00
           -0.31250000000000D+00  0.31250000000000D+00  0.31250000000000D+00
           -0.18750000000000D+00  0.31250000000000D+00  0.31250000000000D+00
           -0.62500000000000D-01  0.31250000000000D+00  0.31250000000000D+00
            0.62500000000000D-01  0.43750000000000D+00  0.31250000000000D+00
            0.18750000000000D+00  0.43750000000000D+00  0.31250000000000D+00
            0.31250000000000D+00  0.43750000000000D+00  0.31250000000000D+00
            0.43750000000000D+00  0.43750000000000D+00  0.31250000000000D+00
           -0.43750000000000D+00  0.43750000000000D+00  0.31250000000000D+00
           -0.31250000000000D+00  0.43750000000000D+00  0.31250000000000D+00
           -0.18750000000000D+00  0.43750000000000D+00  0.31250000000000D+00
           -0.62500000000000D-01  0.43750000000000D+00  0.31250000000000D+00
            0.62500000000000D-01 -0.43750000000000D+00  0.31250000000000D+00
            0.18750000000000D+00 -0.43750000000000D+00  0.31250000000000D+00
            0.31250000000000D+00 -0.43750000000000D+00  0.31250000000000D+00
            0.43750000000000D+00 -0.43750000000000D+00  0.31250000000000D+00
           -0.43750000000000D+00 -0.43750000000000D+00  0.31250000000000D+00
           -0.31250000000000D+00 -0.43750000000000D+00  0.31250000000000D+00
           -0.18750000000000D+00 -0.43750000000000D+00  0.31250000000000D+00
           -0.62500000000000D-01 -0.43750000000000D+00  0.31250000000000D+00
            0.62500000000000D-01 -0.31250000000000D+00  0.31250000000000D+00
            0.18750000000000D+00 -0.31250000000000D+00  0.31250000000000D+00
            0.31250000000000D+00 -0.31250000000000D+00  0.31250000000000D+00
            0.43750000000000D+00 -0.31250000000000D+00  0.31250000000000D+00
           -0.43750000000000D+00 -0.31250000000000D+00  0.31250000000000D+00
           -0.31250000000000D+00 -0.31250000000000D+00  0.31250000000000D+00
           -0.18750000000000D+00 -0.31250000000000D+00  0.31250000000000D+00
           -0.62500000000000D-01 -0.31250000000000D+00  0.31250000000000D+00
            0.62500000000000D-01 -0.18750000000000D+00  0.31250000000000D+00
            0.18750000000000D+00 -0.18750000000000D+00  0.31250000000000D+00
            0.31250000000000D+00 -0.18750000000000D+00  0.31250000000000D+00
            0.43750000000000D+00 -0.18750000000000D+00  0.31250000000000D+00
           -0.43750000000000D+00 -0.18750000000000D+00  0.31250000000000D+00
           -0.31250000000000D+00 -0.18750000000000D+00  0.31250000000000D+00
           -0.18750000000000D+00 -0.18750000000000D+00  0.31250000000000D+00
           -0.62500000000000D-01 -0.18750000000000D+00  0.31250000000000D+00
            0.62500000000000D-01 -0.62500000000000D-01  0.31250000000000D+00
            0.18750000000000D+00 -0.62500000000000D-01  0.31250000000000D+00
            0.31250000000000D+00 -0.62500000000000D-01  0.31250000000000D+00
            0.43750000000000D+00 -0.62500000000000D-01  0.31250000000000D+00
           -0.43750000000000D+00 -0.62500000000000D-01  0.31250000000000D+00
           -0.31250000000000D+00 -0.62500000000000D-01  0.31250000000000D+00
           -0.18750000000000D+00 -0.62500000000000D-01  0.31250000000000D+00
           -0.62500000000000D-01 -0.62500000000000D-01  0.31250000000000D+00
            0.62500000000000D-01  0.62500000000000D-01  0.43750000000000D+00
            0.18750000000000D+00  0.62500000000000D-01  0.43750000000000D+00
            0.31250000000000D+00  0.62500000000000D-01  0.43750000000000D+00
            0.43750000000000D+00  0.62500000000000D-01  0.43750000000000D+00
           -0.43750000000000D+00  0.62500000000000D-01  0.43750000000000D+00
           -0.31250000000000D+00  0.62500000000000D-01  0.43750000000000D+00
           -0.18750000000000D+00  0.62500000000000D-01  0.43750000000000D+00
           -0.62500000000000D-01  0.62500000000000D-01  0.43750000000000D+00
            0.62500000000000D-01  0.18750000000000D+00  0.43750000000000D+00
            0.18750000000000D+00  0.18750000000000D+00  0.43750000000000D+00
            0.31250000000000D+00  0.18750000000000D+00  0.43750000000000D+00
            0.43750000000000D+00  0.18750000000000D+00  0.43750000000000D+00
           -0.43750000000000D+00  0.18750000000000D+00  0.43750000000000D+00
           -0.31250000000000D+00  0.18750000000000D+00  0.43750000000000D+00
           -0.18750000000000D+00  0.18750000000000D+00  0.43750000000000D+00
           -0.62500000000000D-01  0.18750000000000D+00  0.43750000000000D+00
            0.62500000000000D-01  0.31250000000000D+00  0.43750000000000D+00
            0.18750000000000D+00  0.31250000000000D+00  0.43750000000000D+00
            0.31250000000000D+00  0.31250000000000D+00  0.43750000000000D+00
            0.43750000000000D+00  0.31250000000000D+00  0.43750000000000D+00
           -0.43750000000000D+00  0.31250000000000D+00  0.43750000000000D+00
           -0.31250000000000D+00  0.31250000000000D+00  0.43750000000000D+00
           -0.18750000000000D+00  0.31250000000000D+00  0.43750000000000D+00
           -0.62500000000000D-01  0.31250000000000D+00  0.43750000000000D+00
            0.62500000000000D-01  0.43750000000000D+00  0.43750000000000D+00
            0.18750000000000D+00  0.43750000000000D+00  0.43750000000000D+00
            0.31250000000000D+00  0.43750000000000D+00  0.43750000000000D+00
            0.43750000000000D+00  0.43750000000000D+00  0.43750000000000D+00
           -0.43750000000000D+00  0.43750000000000D+00  0.43750000000000D+00
           -0.31250000000000D+00  0.43750000000000D+00  0.43750000000000D+00
           -0.18750000000000D+00  0.43750000000000D+00  0.43750000000000D+00
           -0.62500000000000D-01  0.43750000000000D+00  0.43750000000000D+00
            0.62500000000000D-01 -0.43750000000000D+00  0.43750000000000D+00
            0.18750000000000D+00 -0.43750000000000D+00  0.43750000000000D+00
            0.31250000000000D+00 -0.43750000000000D+00  0.43750000000000D+00
            0.43750000000000D+00 -0.43750000000000D+00  0.43750000000000D+00
           -0.43750000000000D+00 -0.43750000000000D+00  0.43750000000000D+00
           -0.31250000000000D+00 -0.43750000000000D+00  0.43750000000000D+00
           -0.18750000000000D+00 -0.43750000000000D+00  0.43750000000000D+00
           -0.62500000000000D-01 -0.43750000000000D+00  0.43750000000000D+00
            0.62500000000000D-01 -0.31250000000000D+00  0.43750000000000D+00
            0.18750000000000D+00 -0.31250000000000D+00  0.43750000000000D+00
            0.31250000000000D+00 -0.31250000000000D+00  0.43750000000000D+00
            0.43750000000000D+00 -0.31250000000000D+00  0.43750000000000D+00
           -0.43750000000000D+00 -0.31250000000000D+00  0.43750000000000D+00
           -0.31250000000000D+00 -0.31250000000000D+00  0.43750000000000D+00
           -0.18750000000000D+00 -0.31250000000000D+00  0.43750000000000D+00
           -0.62500000000000D-01 -0.31250000000000D+00  0.43750000000000D+00
            0.62500000000000D-01 -0.18750000000000D+00  0.43750000000000D+00
            0.18750000000000D+00 -0.18750000000000D+00  0.43750000000000D+00
            0.31250000000000D+00 -0.18750000000000D+00  0.43750000000000D+00
            0.43750000000000D+00 -0.18750000000000D+00  0.43750000000000D+00
           -0.43750000000000D+00 -0.18750000000000D+00  0.43750000000000D+00
           -0.31250000000000D+00 -0.18750000000000D+00  0.43750000000000D+00
           -0.18750000000000D+00 -0.18750000000000D+00  0.43750000000000D+00
           -0.62500000000000D-01 -0.18750000000000D+00  0.43750000000000D+00
            0.62500000000000D-01 -0.62500000000000D-01  0.43750000000000D+00
            0.18750000000000D+00 -0.62500000000000D-01  0.43750000000000D+00
            0.31250000000000D+00 -0.62500000000000D-01  0.43750000000000D+00
            0.43750000000000D+00 -0.62500000000000D-01  0.43750000000000D+00
           -0.43750000000000D+00 -0.62500000000000D-01  0.43750000000000D+00
           -0.31250000000000D+00 -0.62500000000000D-01  0.43750000000000D+00
           -0.18750000000000D+00 -0.62500000000000D-01  0.43750000000000D+00
           -0.62500000000000D-01 -0.62500000000000D-01  0.43750000000000D+00
    kptnrm  0.10000000000000D+01
     ngfft        45   45   45
    nspden         1
   nspinor         1
       occ  0.20000000000000D+01  0.20000000000000D+01  0.20000000000000D+01
            0.20000000000000D+01  0.20000000000000D+01  0.20000000000000D+01
            0.20000000000000D+01  0.20000000000000D+01  0.20000000000000D+01
            0.20000000000000D+01  0.20000000000000D+01  0.20000000000000D+01
            0.20000000000000D+01  0.20000000000000D+01  0.20000000000000D+01
            0.20000000000000D+01  0.20000000000000D+01  0.20000000000000D+01
            0.20000000000000D+01  0.20000000000000D+01  0.20000000000000D+01
            0.20000000000000D+01
     rprim  0.10000000000000D+01  0.00000000000000D+00  0.00000000000000D+00
            0.00000000000000D+00  0.10000000000000D+01  0.00000000000000D+00
            0.00000000000000D+00  0.00000000000000D+00  0.10000000000000D+01
     sciss  0.00000000000000D+00
    spinat  0.00000000000000D+00  0.00000000000000D+00  0.00000000000000D+00
            0.00000000000000D+00  0.00000000000000D+00  0.00000000000000D+00
            0.00000000000000D+00  0.00000000000000D+00  0.00000000000000D+00
            0.00000000000000D+00  0.00000000000000D+00  0.00000000000000D+00
            0.00000000000000D+00  0.00000000000000D+00  0.00000000000000D+00
    symafm         1    1    1    1    1    1    1    1    1    1    1    1
                   1    1    1    1    1    1    1    1    1    1    1    1
                   1    1    1    1    1    1    1    1    1    1    1    1
                   1    1    1    1    1    1    1    1    1    1    1    1
    symrel         1    0    0    0    1    0    0    0    1
                  -1    0    0    0   -1    0    0    0   -1
                  -1    0    0    0    1    0    0    0   -1
                   1    0    0    0   -1    0    0    0    1
                  -1    0    0    0   -1    0    0    0    1
                   1    0    0    0    1    0    0    0   -1
                   1    0    0    0   -1    0    0    0   -1
                  -1    0    0    0    1    0    0    0    1
                   0    1    0    1    0    0    0    0    1
                   0   -1    0   -1    0    0    0    0   -1
                   0   -1    0    1    0    0    0    0   -1
                   0    1    0   -1    0    0    0    0    1
                   0   -1    0   -1    0    0    0    0    1
                   0    1    0    1    0    0    0    0   -1
                   0    1    0   -1    0    0    0    0   -1
                   0   -1    0    1    0    0    0    0    1
                   0    0    1    1    0    0    0    1    0
                   0    0   -1   -1    0    0    0   -1    0
                   0    0   -1    1    0    0    0   -1    0
                   0    0    1   -1    0    0    0    1    0
                   0    0   -1   -1    0    0    0    1    0
                   0    0    1    1    0    0    0   -1    0
                   0    0    1   -1    0    0    0   -1    0
                   0    0   -1    1    0    0    0    1    0
                   1    0    0    0    0    1    0    1    0
                  -1    0    0    0    0   -1    0   -1    0
                  -1    0    0    0    0    1    0   -1    0
                   1    0    0    0    0   -1    0    1    0
                  -1    0    0    0    0   -1    0    1    0
                   1    0    0    0    0    1    0   -1    0
                   1    0    0    0    0   -1    0   -1    0
                  -1    0    0    0    0    1    0    1    0
                   0    1    0    0    0    1    1    0    0
                   0   -1    0    0    0   -1   -1    0    0
                   0   -1    0    0    0    1   -1    0    0
                   0    1    0    0    0   -1    1    0    0
                   0   -1    0    0    0   -1    1    0    0
                   0    1    0    0    0    1   -1    0    0
                   0    1    0    0    0   -1   -1    0    0
                   0   -1    0    0    0    1    1    0    0
                   0    0    1    0    1    0    1    0    0
                   0    0   -1    0   -1    0   -1    0    0
                   0    0   -1    0    1    0   -1    0    0
                   0    0    1    0   -1    0    1    0    0
                   0    0   -1    0   -1    0    1    0    0
                   0    0    1    0    1    0   -1    0    0
                   0    0    1    0   -1    0   -1    0    0
                   0    0   -1    0    1    0    1    0    0
     tnons  0.00000000000000D+00  0.00000000000000D+00  0.00000000000000D+00
            0.00000000000000D+00  0.00000000000000D+00  0.00000000000000D+00
            0.00000000000000D+00  0.00000000000000D+00  0.00000000000000D+00
            0.00000000000000D+00  0.00000000000000D+00  0.00000000000000D+00
            0.00000000000000D+00  0.00000000000000D+00  0.00000000000000D+00
            0.00000000000000D+00  0.00000000000000D+00  0.00000000000000D+00
            0.00000000000000D+00  0.00000000000000D+00  0.00000000000000D+00
            0.00000000000000D+00  0.00000000000000D+00  0.00000000000000D+00
            0.00000000000000D+00  0.00000000000000D+00  0.00000000000000D+00
            0.00000000000000D+00  0.00000000000000D+00  0.00000000000000D+00
            0.00000000000000D+00  0.00000000000000D+00  0.00000000000000D+00
            0.00000000000000D+00  0.00000000000000D+00  0.00000000000000D+00
            0.00000000000000D+00  0.00000000000000D+00  0.00000000000000D+00
            0.00000000000000D+00  0.00000000000000D+00  0.00000000000000D+00
            0.00000000000000D+00  0.00000000000000D+00  0.00000000000000D+00
            0.00000000000000D+00  0.00000000000000D+00  0.00000000000000D+00
            0.00000000000000D+00  0.00000000000000D+00  0.00000000000000D+00
            0.00000000000000D+00  0.00000000000000D+00  0.00000000000000D+00
            0.00000000000000D+00  0.00000000000000D+00  0.00000000000000D+00
            0.00000000000000D+00  0.00000000000000D+00  0.00000000000000D+00
            0.00000000000000D+00  0.00000000000000D+00  0.00000000000000D+00
            0.00000000000000D+00  0.00000000000000D+00  0.00000000000000D+00
            0.00000000000000D+00  0.00000000000000D+00  0.00000000000000D+00
            0.00000000000000D+00  0.00000000000000D+00  0.00000000000000D+00
            0.00000000000000D+00  0.00000000000000D+00  0.00000000000000D+00
            0.00000000000000D+00  0.00000000000000D+00  0.00000000000000D+00
            0.00000000000000D+00  0.00000000000000D+00  0.00000000000000D+00
            0.00000000000000D+00  0.00000000000000D+00  0.00000000000000D+00
            0.00000000000000D+00  0.00000000000000D+00  0.00000000000000D+00
            0.00000000000000D+00  0.00000000000000D+00  0.00000000000000D+00
            0.00000000000000D+00  0.00000000000000D+00  0.00000000000000D+00
            0.00000000000000D+00  0.00000000000000D+00  0.00000000000000D+00
            0.00000000000000D+00  0.00000000000000D+00  0.00000000000000D+00
            0.00000000000000D+00  0.00000000000000D+00  0.00000000000000D+00
            0.00000000000000D+00  0.00000000000000D+00  0.00000000000000D+00
            0.00000000000000D+00  0.00000000000000D+00  0.00000000000000D+00
            0.00000000000000D+00  0.00000000000000D+00  0.00000000000000D+00
            0.00000000000000D+00  0.00000000000000D+00  0.00000000000000D+00
            0.00000000000000D+00  0.00000000000000D+00  0.00000000000000D+00
            0.00000000000000D+00  0.00000000000000D+00  0.00000000000000D+00
            0.00000000000000D+00  0.00000000000000D+00  0.00000000000000D+00
            0.00000000000000D+00  0.00000000000000D+00  0.00000000000000D+00
            0.00000000000000D+00  0.00000000000000D+00  0.00000000000000D+00
            0.00000000000000D+00  0.00000000000000D+00  0.00000000000000D+00
            0.00000000000000D+00  0.00000000000000D+00  0.00000000000000D+00
            0.00000000000000D+00  0.00000000000000D+00  0.00000000000000D+00
            0.00000000000000D+00  0.00000000000000D+00  0.00000000000000D+00
            0.00000000000000D+00  0.00000000000000D+00  0.00000000000000D+00
    tolwfr  0.10000000000000D+01
   tphysel  0.00000000000000D+00
    tsmear  0.40000000000000D-01
     typat         1    2    3    3    3
       wtk  0.39062500000000D-02  0.39062500000000D-02  0.39062500000000D-02
            0.39062500000000D-02  0.39062500000000D-02  0.39062500000000D-02
            0.39062500000000D-02  0.39062500000000D-02  0.39062500000000D-02
            0.39062500000000D-02  0.39062500000000D-02  0.39062500000000D-02
            0.39062500000000D-02  0.39062500000000D-02  0.39062500000000D-02
            0.39062500000000D-02  0.39062500000000D-02  0.39062500000000D-02
            0.39062500000000D-02  0.39062500000000D-02  0.39062500000000D-02
            0.39062500000000D-02  0.39062500000000D-02  0.39062500000000D-02
            0.39062500000000D-02  0.39062500000000D-02  0.39062500000000D-02
            0.39062500000000D-02  0.39062500000000D-02  0.39062500000000D-02
            0.39062500000000D-02  0.39062500000000D-02  0.39062500000000D-02
            0.39062500000000D-02  0.39062500000000D-02  0.39062500000000D-02
            0.39062500000000D-02  0.39062500000000D-02  0.39062500000000D-02
            0.39062500000000D-02  0.39062500000000D-02  0.39062500000000D-02
            0.39062500000000D-02  0.39062500000000D-02  0.39062500000000D-02
            0.39062500000000D-02  0.39062500000000D-02  0.39062500000000D-02
            0.39062500000000D-02  0.39062500000000D-02  0.39062500000000D-02
            0.39062500000000D-02  0.39062500000000D-02  0.39062500000000D-02
            0.39062500000000D-02  0.39062500000000D-02  0.39062500000000D-02
            0.39062500000000D-02  0.39062500000000D-02  0.39062500000000D-02
            0.39062500000000D-02  0.39062500000000D-02  0.39062500000000D-02
            0.39062500000000D-02  0.39062500000000D-02  0.39062500000000D-02
            0.39062500000000D-02  0.39062500000000D-02  0.39062500000000D-02
            0.39062500000000D-02  0.39062500000000D-02  0.39062500000000D-02
            0.39062500000000D-02  0.39062500000000D-02  0.39062500000000D-02
            0.39062500000000D-02  0.39062500000000D-02  0.39062500000000D-02
            0.39062500000000D-02  0.39062500000000D-02  0.39062500000000D-02
            0.39062500000000D-02  0.39062500000000D-02  0.39062500000000D-02
            0.39062500000000D-02  0.39062500000000D-02  0.39062500000000D-02
            0.39062500000000D-02  0.39062500000000D-02  0.39062500000000D-02
            0.39062500000000D-02  0.39062500000000D-02  0.39062500000000D-02
            0.39062500000000D-02  0.39062500000000D-02  0.39062500000000D-02
            0.39062500000000D-02  0.39062500000000D-02  0.39062500000000D-02
            0.39062500000000D-02  0.39062500000000D-02  0.39062500000000D-02
            0.39062500000000D-02  0.39062500000000D-02  0.39062500000000D-02
            0.39062500000000D-02  0.39062500000000D-02  0.39062500000000D-02
            0.39062500000000D-02  0.39062500000000D-02  0.39062500000000D-02
            0.39062500000000D-02  0.39062500000000D-02  0.39062500000000D-02
            0.39062500000000D-02  0.39062500000000D-02  0.39062500000000D-02
            0.39062500000000D-02  0.39062500000000D-02  0.39062500000000D-02
            0.39062500000000D-02  0.39062500000000D-02  0.39062500000000D-02
            0.39062500000000D-02  0.39062500000000D-02  0.39062500000000D-02
            0.39062500000000D-02  0.39062500000000D-02  0.39062500000000D-02
            0.39062500000000D-02  0.39062500000000D-02  0.39062500000000D-02
            0.39062500000000D-02  0.39062500000000D-02  0.39062500000000D-02
            0.39062500000000D-02  0.39062500000000D-02  0.39062500000000D-02
            0.39062500000000D-02  0.39062500000000D-02  0.39062500000000D-02
            0.39062500000000D-02  0.39062500000000D-02  0.39062500000000D-02
            0.39062500000000D-02  0.39062500000000D-02  0.39062500000000D-02
            0.39062500000000D-02  0.39062500000000D-02  0.39062500000000D-02
            0.39062500000000D-02  0.39062500000000D-02  0.39062500000000D-02
            0.39062500000000D-02  0.39062500000000D-02  0.39062500000000D-02
            0.39062500000000D-02  0.39062500000000D-02  0.39062500000000D-02
            0.39062500000000D-02  0.39062500000000D-02  0.39062500000000D-02
            0.39062500000000D-02  0.39062500000000D-02  0.39062500000000D-02
            0.39062500000000D-02  0.39062500000000D-02  0.39062500000000D-02
            0.39062500000000D-02  0.39062500000000D-02  0.39062500000000D-02
            0.39062500000000D-02  0.39062500000000D-02  0.39062500000000D-02
            0.39062500000000D-02  0.39062500000000D-02  0.39062500000000D-02
            0.39062500000000D-02  0.39062500000000D-02  0.39062500000000D-02
            0.39062500000000D-02  0.39062500000000D-02  0.39062500000000D-02
            0.39062500000000D-02  0.39062500000000D-02  0.39062500000000D-02
            0.39062500000000D-02  0.39062500000000D-02  0.39062500000000D-02
            0.39062500000000D-02  0.39062500000000D-02  0.39062500000000D-02
            0.39062500000000D-02  0.39062500000000D-02  0.39062500000000D-02
            0.39062500000000D-02  0.39062500000000D-02  0.39062500000000D-02
            0.39062500000000D-02  0.39062500000000D-02  0.39062500000000D-02
            0.39062500000000D-02  0.39062500000000D-02  0.39062500000000D-02
            0.39062500000000D-02  0.39062500000000D-02  0.39062500000000D-02
            0.39062500000000D-02  0.39062500000000D-02  0.39062500000000D-02
            0.39062500000000D-02  0.39062500000000D-02  0.39062500000000D-02
            0.39062500000000D-02  0.39062500000000D-02  0.39062500000000D-02
            0.39062500000000D-02  0.39062500000000D-02  0.39062500000000D-02
            0.39062500000000D-02  0.39062500000000D-02  0.39062500000000D-02
            0.39062500000000D-02  0.39062500000000D-02  0.39062500000000D-02
            0.39062500000000D-02  0.39062500000000D-02  0.39062500000000D-02
            0.39062500000000D-02  0.39062500000000D-02  0.39062500000000D-02
            0.39062500000000D-02  0.39062500000000D-02  0.39062500000000D-02
            0.39062500000000D-02  0.39062500000000D-02  0.39062500000000D-02
            0.39062500000000D-02  0.39062500000000D-02  0.39062500000000D-02
            0.39062500000000D-02  0.39062500000000D-02  0.39062500000000D-02
            0.39062500000000D-02  0.39062500000000D-02  0.39062500000000D-02
            0.39062500000000D-02  0.39062500000000D-02  0.39062500000000D-02
            0.39062500000000D-02  0.39062500000000D-02  0.39062500000000D-02
            0.39062500000000D-02  0.39062500000000D-02  0.39062500000000D-02
            0.39062500000000D-02
      xred  0.00000000000000D+00  0.00000000000000D+00  0.00000000000000D+00
            0.50000000000000D+00  0.50000000000000D+00  0.50000000000000D+00
            0.00000000000000D+00  0.50000000000000D+00  0.50000000000000D+00
            0.50000000000000D+00  0.00000000000000D+00  0.50000000000000D+00
            0.50000000000000D+00  0.50000000000000D+00  0.00000000000000D+00
     znucl  0.82000000000000D+02  0.22000000000000D+02  0.80000000000000D+01
      zion  0.14000000000000D+02  0.12000000000000D+02  0.60000000000000D+01
 
  Description of the potentials (KB energies)
  vrsio8 (for pseudopotentials)= 10929
  dimekb =  6       lmnmax=  6       usepaw=  0
  Atom type=    1   pspso=  0   nekb=   6
  iln lpsang iproj  ekb(:)
     1     0     1     4.6004112E+00  0.0000000E+00  0.0000000E+00  0.0000000E+00
                       0.0000000E+00  0.0000000E+00
     2     0     2     0.0000000E+00  3.7742026E+00  0.0000000E+00  0.0000000E+00
                       0.0000000E+00  0.0000000E+00
     3     1     1     0.0000000E+00  0.0000000E+00  3.3924047E+00  0.0000000E+00
                       0.0000000E+00  0.0000000E+00
     4     1     2     0.0000000E+00  0.0000000E+00  0.0000000E+00  3.8943541E+00
                       0.0000000E+00  0.0000000E+00
     5     2     1     0.0000000E+00  0.0000000E+00  0.0000000E+00  0.0000000E+00
                      -5.9025864E+00  0.0000000E+00
     6     2     2     0.0000000E+00  0.0000000E+00  0.0000000E+00  0.0000000E+00
                      -5.9025864E+00  0.0000000E+00
  Atom type=    2   pspso=  0   nekb=   4
  iln lpsang iproj  ekb(:)
     1     0     1     9.5173163E+00  0.0000000E+00  0.0000000E+00  0.0000000E+00
     2     0     2     0.0000000E+00 -2.3446820E+00  0.0000000E+00  0.0000000E+00
     3     1     1     0.0000000E+00  0.0000000E+00  5.0114063E+00  0.0000000E+00
     4     1     2     0.0000000E+00  0.0000000E+00  0.0000000E+00 -7.4117869E-01
  Atom type=    3   pspso=  0   nekb=   2
  iln lpsang iproj  ekb(:)
     1     0     1     5.7633608E+00  0.0000000E+00
     2     0     2     0.0000000E+00 -1.7984213E+00
 
 **** Database of total energy derivatives ****
 Number of data blocks=    1

 2rd derivatives (non-stat.)  - # elements :     324
 qpt  0.00000000E+00  0.00000000E+00  0.00000000E+00   1.0
   1   1   1   1  0.22014497341115D+00  0.00000000000000D+00
   1   1   2   1  0.35705105249097D-13  0.00000000000000D+00
   1   1   3   1  0.34286929199433D-14  0.00000000000000D+00
   1   1   1   2 -0.14115361217110D+01  0.00000000000000D+00
   1   1   2   2  0.11817759178226D-13  0.00000000000000D+00
   1   1   3   2 -0.14696146649881D-13  0.00000000000000D+00
   1   1   1   3 -0.42947160597131D+00  0.00000000000000D+00
   1   1   2   3 -0.23650267295887D-15  0.00000000000000D+00
   1   1   3   3  0.30849270872720D-14  0.00000000000000D+00
   1   1   1   4  0.80813613433368D+00  0.00000000000000D+00
   1   1   2   4 -0.18850447032070D-13  0.00000000000000D+00
   1   1   3   4 -0.65299720322040D-15  0.00000000000000D+00
   1   1   1   5  0.80813613433367D+00  0.00000000000000D+00
   1   1   2   5 -0.70306305480802D-14  0.00000000000000D+00
   1   1   3   5  0.80699127745336D-14  0.00000000000000D+00
   1   1   1   7 -0.63562936872035D+02  0.00000000000000D+00
   1   1   2   7  0.00000000000000D+00  0.00000000000000D+00
   1   1   3   7  0.00000000000000D+00  0.00000000000000D+00
   2   1   1   1  0.35705105249097D-13  0.00000000000000D+00
   2   1   2   1  0.22014497341115D+00  0.00000000000000D+00
   2   1   3   1 -0.34236574596407D-16  0.00000000000000D+00
   2   1   1   2 -0.18561463121560D-13  0.00000000000000D+00
   2   1   2   2 -0.14115361217110D+01  0.00000000000000D+00
   2   1   3   2 -0.12077045148700D-15  0.00000000000000D+00
   2   1   1   3 -0.21846746368818D-13  0.00000000000000D+00
   2   1   2   3  0.80813762306714D+00  0.00000000000000D+00
   2   1   3   3  0.13726287277808D-15  0.00000000000000D+00
   2   1   1   4  0.38041429180590D-15  0.00000000000000D+00
   2   1   2   4 -0.42947160597131D+00  0.00000000000000D+00
   2   1   3   4  0.12538588958882D-16  0.00000000000000D+00
   2   1   1   5 -0.46060402503468D-15  0.00000000000000D+00
   2   1   2   5  0.80813613433367D+00  0.00000000000000D+00
   2   1   3   5  0.52055643464448D-17  0.00000000000000D+00
   2   1   1   7 -0.18763853686594D-13  0.00000000000000D+00
   2   1   2   7 -0.63562936872035D+02  0.00000000000000D+00
   2   1   3   7  0.00000000000000D+00  0.00000000000000D+00
   3   1   1   1  0.34286929199433D-14  0.00000000000000D+00
   3   1   2   1 -0.34236574596407D-16  0.00000000000000D+00
   3   1   3   1  0.22014497341297D+00  0.00000000000000D+00
   3   1   1   2  0.61279258175881D-14  0.00000000000000D+00
   3   1   2   2 -0.12077045148700D-15  0.00000000000000D+00
   3   1   3   2 -0.14115361217111D+01  0.00000000000000D+00
   3   1   1   3  0.11309993585312D-14  0.00000000000000D+00
   3   1   2   3  0.28311885057233D-14  0.00000000000000D+00
   3   1   3   3  0.80813613433368D+00  0.00000000000000D+00
   3   1   1   4 -0.46039544958214D-15  0.00000000000000D+00
   3   1   2   4  0.12538588958882D-16  0.00000000000000D+00
   3   1   3   4  0.80813613433368D+00  0.00000000000000D+00
   3   1   1   5  0.37885877530389D-15  0.00000000000000D+00
   3   1   2   5  0.52055643464448D-17  0.00000000000000D+00
   3   1   3   5 -0.42947160597125D+00  0.00000000000000D+00
   3   1   1   7 -0.16267221293323D-13  0.00000000000000D+00
   3   1   2   7  0.00000000000000D+00  0.00000000000000D+00
   3   1   3   7 -0.63562936872035D+02  0.00000000000000D+00
   1   2   1   1 -0.14115367706820D+01  0.00000000000000D+00
   1   2   2   1 -0.18561463121560D-13  0.00000000000000D+00
   1   2   3   1  0.61279258175881D-14  0.00000000000000D+00
   1   2   1   2  0.22578957470978D+00  0.00000000000000D+00
   1   2   2   2  0.16548714527449D-12  0.00000000000000D+00
   1   2   3   2 -0.24223601462805D-14  0.00000000000000D+00
   1   2   1   3  0.10583395216565D+01  0.00000000000000D+00
   1   2   2   3 -0.10978915148785D-13  0.00000000000000D+00
   1   2   3   3 -0.13036267750344D-13  0.00000000000000D+00
   1   2   1   4  0.29374947940639D-01  0.00000000000000D+00
   1   2   2   4 -0.47065043220396D-13  0.00000000000000D+00
   1   2   3   4  0.25189312708529D-13  0.00000000000000D+00
   1   2   1   5  0.29374947940596D-01  0.00000000000000D+00
   1   2   2   5 -0.51802054138780D-14  0.00000000000000D+00
   1   2   3   5  0.17684025723498D-14  0.00000000000000D+00
   1   2   1   7 -0.30092192582654D+02  0.00000000000000D+00
   1   2   2   7  0.00000000000000D+00  0.00000000000000D+00
   1   2   3   7  0.00000000000000D+00  0.00000000000000D+00
   2   2   1   1  0.11817759178226D-13  0.00000000000000D+00
   2   2   2   1 -0.14115367706820D+01  0.00000000000000D+00
   2   2   3   1 -0.12077045148700D-15  0.00000000000000D+00
   2   2   1   2  0.16548714527449D-12  0.00000000000000D+00
   2   2   2   2  0.22578957470978D+00  0.00000000000000D+00
   2   2   3   2 -0.17313685321085D-15  0.00000000000000D+00
   2   2   1   3  0.52701715654841D-13  0.00000000000000D+00
   2   2   2   3  0.29380885015797D-01  0.00000000000000D+00
   2   2   3   3 -0.81704442717778D-17  0.00000000000000D+00
   2   2   1   4  0.31682896172863D-15  0.00000000000000D+00
   2   2   2   4  0.10583395216566D+01  0.00000000000000D+00
   2   2   3   4  0.23325741994185D-15  0.00000000000000D+00
   2   2   1   5 -0.34556213851335D-15  0.00000000000000D+00
   2   2   2   5  0.29374947940596D-01  0.00000000000000D+00
   2   2   3   5  0.68820329027774D-16  0.00000000000000D+00
   2   2   1   7 -0.55331968757191D-13  0.00000000000000D+00
   2   2   2   7 -0.30092192582654D+02  0.00000000000000D+00
   2   2   3   7  0.00000000000000D+00  0.00000000000000D+00
   3   2   1   1 -0.14696146649881D-13  0.00000000000000D+00
   3   2   2   1 -0.12077045148700D-15  0.00000000000000D+00
   3   2   3   1 -0.14115367706820D+01  0.00000000000000D+00
   3   2   1   2 -0.24223601462805D-14  0.00000000000000D+00
   3   2   2   2 -0.17313685321085D-15  0.00000000000000D+00
   3   2   3   2  0.22578957471069D+00  0.00000000000000D+00
   3   2   1   3  0.41300586138924D-15  0.00000000000000D+00
   3   2   2   3 -0.10100252637494D-14  0.00000000000000D+00
   3   2   3   3  0.29374947940639D-01  0.00000000000000D+00
   3   2   1   4 -0.34572985103921D-15  0.00000000000000D+00
   3   2   2   4  0.23325741994185D-15  0.00000000000000D+00
   3   2   3   4  0.29374947940639D-01  0.00000000000000D+00
   3   2   1   5  0.31682515209650D-15  0.00000000000000D+00
   3   2   2   5  0.68820329027774D-16  0.00000000000000D+00
   3   2   3   5  0.10583395216565D+01  0.00000000000000D+00
   3   2   1   7  0.18853577037721D-13  0.00000000000000D+00
   3   2   2   7  0.00000000000000D+00  0.00000000000000D+00
   3   2   3   7 -0.30092192582654D+02  0.00000000000000D+00
   1   3   1   1 -0.42945491792522D+00  0.00000000000000D+00
   1   3   2   1 -0.21846746368818D-13  0.00000000000000D+00
   1   3   3   1  0.11309993585312D-14  0.00000000000000D+00
   1   3   1   2  0.10583056376576D+01  0.00000000000000D+00
   1   3   2   2  0.52701715654841D-13  0.00000000000000D+00
   1   3   3   2  0.41300586138924D-15  0.00000000000000D+00
   1   3   1   3  0.47082361442494D+01  0.00000000000000D+00
   1   3   2   3  0.14684796530125D-13  0.00000000000000D+00
   1   3   3   3 -0.31941802988813D-14  0.00000000000000D+00
   1   3   1   4 -0.26617401222206D+01  0.00000000000000D+00
   1   3   2   4 -0.20013313687472D-13  0.00000000000000D+00
   1   3   3   4 -0.31574410397649D-14  0.00000000000000D+00
   1   3   1   5 -0.26617401222206D+01  0.00000000000000D+00
   1   3   2   5 -0.17625795491692D-14  0.00000000000000D+00
   1   3   3   5 -0.16322323643331D-14  0.00000000000000D+00
   1   3   1   7 -0.74939288009565D+02  0.00000000000000D+00
   1   3   2   7  0.00000000000000D+00  0.00000000000000D+00
   1   3   3   7  0.00000000000000D+00  0.00000000000000D+00
   2   3   1   1 -0.16183674914429D-13  0.00000000000000D+00
   2   3   2   1  0.80813762306714D+00  0.00000000000000D+00
   2   3   3   1  0.28311885057233D-14  0.00000000000000D+00
   2   3   1   2 -0.30940923258827D-13  0.00000000000000D+00
   2   3   2   2  0.29380885015797D-01  0.00000000000000D+00
   2   3   3   2 -0.10100252637494D-14  0.00000000000000D+00
   2   3   1   3  0.48328399441033D-13  0.00000000000000D+00
   2   3   2   3  0.17082575326162D+01  0.00000000000000D+00
   2   3   3   3  0.40035374125049D-13  0.00000000000000D+00
   2   3   1   4 -0.15367496572821D-13  0.00000000000000D+00
   2   3   2   4 -0.26617531984483D+01  0.00000000000000D+00
   2   3   3   4 -0.10376732298700D-14  0.00000000000000D+00
   2   3   1   5 -0.22936134775039D-14  0.00000000000000D+00
   2   3   2   5  0.10120144352588D+00  0.00000000000000D+00
   2   3   3   5  0.13923984667792D-13  0.00000000000000D+00
   2   3   1   7  0.56006321058660D-13  0.00000000000000D+00
   2   3   2   7 -0.53949249619108D+02  0.00000000000000D+00
   2   3   3   7  0.00000000000000D+00  0.00000000000000D+00
   3   3   1   1  0.30849270872720D-14  0.00000000000000D+00
   3   3   2   1  0.13726287277808D-15  0.00000000000000D+00
   3   3   3   1  0.80813613433368D+00  0.00000000000000D+00
   3   3   1   2 -0.13036267750344D-13  0.00000000000000D+00
   3   3   2   2 -0.81704442717778D-17  0.00000000000000D+00
   3   3   3   2  0.29374947940639D-01  0.00000000000000D+00
   3   3   1   3 -0.31941802988813D-14  0.00000000000000D+00
   3   3   2   3  0.40035374125049D-13  0.00000000000000D+00
   3   3   3   3  0.17082575326162D+01  0.00000000000000D+00
   3   3   1   4  0.16236804655881D-15  0.00000000000000D+00
   3   3   2   4  0.22309561484763D-17  0.00000000000000D+00
   3   3   3   4  0.10120144352591D+00  0.00000000000000D+00
   3   3   1   5 -0.19731233553520D-15  0.00000000000000D+00
   3   3   2   5  0.53736809823782D-17  0.00000000000000D+00
   3   3   3   5 -0.26617401222206D+01  0.00000000000000D+00
   3   3   1   7 -0.26005396436321D-13  0.00000000000000D+00
   3   3   2   7  0.00000000000000D+00  0.00000000000000D+00
   3   3   3   7 -0.53949264005870D+02  0.00000000000000D+00
   1   4   1   1  0.80813613433368D+00  0.00000000000000D+00
   1   4   2   1  0.38041429180590D-15  0.00000000000000D+00
   1   4   3   1 -0.46039544958214D-15  0.00000000000000D+00
   1   4   1   2  0.29374947940639D-01  0.00000000000000D+00
   1   4   2   2  0.31682896172863D-15  0.00000000000000D+00
   1   4   3   2 -0.34572985103921D-15  0.00000000000000D+00
   1   4   1   3 -0.26617401222206D+01  0.00000000000000D+00
   1   4   2   3 -0.15367496572821D-13  0.00000000000000D+00
   1   4   3   3  0.16236804655881D-15  0.00000000000000D+00
   1   4   1   4  0.17082575326167D+01  0.00000000000000D+00
   1   4   2   4 -0.67308032499694D-15  0.00000000000000D+00
   1   4   3   4  0.46954267525262D-15  0.00000000000000D+00
   1   4   1   5  0.10120144352588D+00  0.00000000000000D+00
   1   4   2   5  0.17323879647728D-15  0.00000000000000D+00
   1   4   3   5  0.17421457880992D-15  0.00000000000000D+00
   1   4   1   7 -0.53949264005870D+02  0.00000000000000D+00
   1   4   2   7  0.00000000000000D+00  0.00000000000000D+00
   1   4   3   7  0.00000000000000D+00  0.00000000000000D+00
   2   4   1   1 -0.18850447032070D-13  0.00000000000000D+00
   2   4   2   1 -0.42945491792522D+00  0.00000000000000D+00
   2   4   3   1  0.12538588958882D-16  0.00000000000000D+00
   2   4   1   2 -0.47065043220396D-13  0.00000000000000D+00
   2   4   2   2  0.10583056376577D+01  0.00000000000000D+00
   2   4   3   2  0.23325741994185D-15  0.00000000000000D+00
   2   4   1   3 -0.20013313687472D-13  0.00000000000000D+00
   2   4   2   3 -0.26617531984483D+01  0.00000000000000D+00
   2   4   3   3  0.22309561484763D-17  0.00000000000000D+00
   2   4   1   4 -0.67308032499694D-15  0.00000000000000D+00
   2   4   2   4  0.47082361442476D+01  0.00000000000000D+00
   2   4   3   4 -0.30685391052553D-15  0.00000000000000D+00
   2   4   1   5  0.17323879647728D-15  0.00000000000000D+00
   2   4   2   5 -0.26617401222206D+01  0.00000000000000D+00
   2   4   3   5  0.58826945476319D-16  0.00000000000000D+00
   2   4   1   7  0.46503967921084D-13  0.00000000000000D+00
   2   4   2   7 -0.74939288009565D+02  0.00000000000000D+00
   2   4   3   7  0.00000000000000D+00  0.00000000000000D+00
   3   4   1   1 -0.65299720322040D-15  0.00000000000000D+00
   3   4   2   1  0.12538588958882D-16  0.00000000000000D+00
   3   4   3   1  0.80813613433368D+00  0.00000000000000D+00
   3   4   1   2  0.25189312708529D-13  0.00000000000000D+00
   3   4   2   2  0.23325741994185D-15  0.00000000000000D+00
   3   4   3   2  0.29374947940639D-01  0.00000000000000D+00
   3   4   1   3 -0.31574410397649D-14  0.00000000000000D+00
   3   4   2   3 -0.10376732298700D-14  0.00000000000000D+00
   3   4   3   3  0.10120144352591D+00  0.00000000000000D+00
   3   4   1   4  0.46954267525262D-15  0.00000000000000D+00
   3   4   2   4 -0.30685391052553D-15  0.00000000000000D+00
   3   4   3   4  0.17082575326172D+01  0.00000000000000D+00
   3   4   1   5  0.17421457880992D-15  0.00000000000000D+00
   3   4   2   5  0.58826945476319D-16  0.00000000000000D+00
   3   4   3   5 -0.26617401222206D+01  0.00000000000000D+00
   3   4   1   7  0.28576777621708D-13  0.00000000000000D+00
   3   4   2   7  0.00000000000000D+00  0.00000000000000D+00
   3   4   3   7 -0.53949264005870D+02  0.00000000000000D+00
   1   5   1   1  0.80813613433367D+00  0.00000000000000D+00
   1   5   2   1 -0.46060402503468D-15  0.00000000000000D+00
   1   5   3   1  0.37885877530389D-15  0.00000000000000D+00
   1   5   1   2  0.29374947940596D-01  0.00000000000000D+00
   1   5   2   2 -0.34556213851335D-15  0.00000000000000D+00
   1   5   3   2  0.31682515209650D-15  0.00000000000000D+00
   1   5   1   3 -0.26617401222206D+01  0.00000000000000D+00
   1   5   2   3 -0.22936134775039D-14  0.00000000000000D+00
   1   5   3   3 -0.19731233553520D-15  0.00000000000000D+00
   1   5   1   4  0.10120144352588D+00  0.00000000000000D+00
   1   5   2   4  0.17323879647728D-15  0.00000000000000D+00
   1   5   3   4  0.17421457880992D-15  0.00000000000000D+00
   1   5   1   5  0.17082575326158D+01  0.00000000000000D+00
   1   5   2   5  0.46989267058251D-15  0.00000000000000D+00
   1   5   3   5 -0.67258617067511D-15  0.00000000000000D+00
   1   5   1   7 -0.53949264051771D+02  0.00000000000000D+00
   1   5   2   7  0.00000000000000D+00  0.00000000000000D+00
   1   5   3   7  0.00000000000000D+00  0.00000000000000D+00
   2   5   1   1 -0.70306305480802D-14  0.00000000000000D+00
   2   5   2   1  0.80813613433367D+00  0.00000000000000D+00
   2   5   3   1  0.52055643464448D-17  0.00000000000000D+00
   2   5   1   2 -0.51802054138780D-14  0.00000000000000D+00
   2   5   2   2  0.29374947940596D-01  0.00000000000000D+00
   2   5   3   2  0.68820329027774D-16  0.00000000000000D+00
   2   5   1   3 -0.17625795491692D-14  0.00000000000000D+00
   2   5   2   3  0.10120144352588D+00  0.00000000000000D+00
   2   5   3   3  0.53736809823782D-17  0.00000000000000D+00
   2   5   1   4  0.17323879647728D-15  0.00000000000000D+00
   2   5   2   4 -0.26617401222206D+01  0.00000000000000D+00
   2   5   3   4  0.58826945476319D-16  0.00000000000000D+00
   2   5   1   5  0.46989267058251D-15  0.00000000000000D+00
   2   5   2   5  0.17082575326167D+01  0.00000000000000D+00
   2   5   3   5 -0.13822651983292D-15  0.00000000000000D+00
   2   5   1   7 -0.89384590800738D-14  0.00000000000000D+00
   2   5   2   7 -0.53949264051771D+02  0.00000000000000D+00
   2   5   3   7  0.00000000000000D+00  0.00000000000000D+00
   3   5   1   1  0.80699127745336D-14  0.00000000000000D+00
   3   5   2   1  0.52055643464448D-17  0.00000000000000D+00
   3   5   3   1 -0.42945491792516D+00  0.00000000000000D+00
   3   5   1   2  0.17684025723498D-14  0.00000000000000D+00
   3   5   2   2  0.68820329027774D-16  0.00000000000000D+00
   3   5   3   2  0.10583056376576D+01  0.00000000000000D+00
   3   5   1   3 -0.16322323643331D-14  0.00000000000000D+00
   3   5   2   3  0.13923984667792D-13  0.00000000000000D+00
   3   5   3   3 -0.26617401222206D+01  0.00000000000000D+00
   3   5   1   4  0.17421457880992D-15  0.00000000000000D+00
   3   5   2   4  0.58826945476319D-16  0.00000000000000D+00
   3   5   3   4 -0.26617401222206D+01  0.00000000000000D+00
   3   5   1   5 -0.67258617067511D-15  0.00000000000000D+00
   3   5   2   5 -0.13822651983292D-15  0.00000000000000D+00
   3   5   3   5  0.47082361442472D+01  0.00000000000000D+00
   3   5   1   7 -0.17392262018858D-13  0.00000000000000D+00
   3   5   2   7  0.00000000000000D+00  0.00000000000000D+00
   3   5   3   7 -0.74939288009565D+02  0.00000000000000D+00
   1   7   1   1 -0.63562913624265D+02  0.00000000000000D+00
   1   7   2   1 -0.18763853686594D-13  0.00000000000000D+00
   1   7   3   1 -0.16267221293323D-13  0.00000000000000D+00
   1   7   1   2 -0.30092223144491D+02  0.00000000000000D+00
   1   7   2   2 -0.55331968757191D-13  0.00000000000000D+00
   1   7   3   2  0.18853577037721D-13  0.00000000000000D+00
   1   7   1   3 -0.74939253508877D+02  0.00000000000000D+00
   1   7   2   3  0.00000000000000D+00  0.00000000000000D+00
   1   7   3   3 -0.26005396436321D-13  0.00000000000000D+00
   1   7   1   4 -0.53949264005870D+02  0.00000000000000D+00
   1   7   2   4  0.46503967921084D-13  0.00000000000000D+00
   1   7   3   4  0.28576777621708D-13  0.00000000000000D+00
   1   7   1   5 -0.53949264051771D+02  0.00000000000000D+00
   1   7   2   5 -0.89384590800738D-14  0.00000000000000D+00
   1   7   3   5 -0.17392262018858D-13  0.00000000000000D+00
   1   7   1   7 -0.17913150511862D+03  0.00000000000000D+00
   1   7   2   7 -0.74884543010967D-13  0.00000000000000D+00
   1   7   3   7  0.12392864512378D-12  0.00000000000000D+00
   2   7   1   1  0.00000000000000D+00  0.00000000000000D+00
   2   7   2   1 -0.63562913624265D+02  0.00000000000000D+00
   2   7   3   1  0.00000000000000D+00  0.00000000000000D+00
   2   7   1   2  0.00000000000000D+00  0.00000000000000D+00
   2   7   2   2 -0.30092223144491D+02  0.00000000000000D+00
   2   7   3   2  0.00000000000000D+00  0.00000000000000D+00
   2   7   1   3  0.00000000000000D+00  0.00000000000000D+00
   2   7   2   3 -0.53949249619108D+02  0.00000000000000D+00
   2   7   3   3  0.00000000000000D+00  0.00000000000000D+00
   2   7   1   4  0.00000000000000D+00  0.00000000000000D+00
   2   7   2   4 -0.74939253508877D+02  0.00000000000000D+00
   2   7   3   4  0.00000000000000D+00  0.00000000000000D+00
   2   7   1   5  0.00000000000000D+00  0.00000000000000D+00
   2   7   2   5 -0.53949264051771D+02  0.00000000000000D+00
   2   7   3   5  0.00000000000000D+00  0.00000000000000D+00
   2   7   1   7 -0.74884543010967D-13  0.00000000000000D+00
   2   7   2   7 -0.17913150511862D+03  0.00000000000000D+00
   2   7   3   7  0.00000000000000D+00  0.00000000000000D+00
   3   7   1   1  0.00000000000000D+00  0.00000000000000D+00
   3   7   2   1  0.00000000000000D+00  0.00000000000000D+00
   3   7   3   1 -0.63562913624265D+02  0.00000000000000D+00
   3   7   1   2  0.00000000000000D+00  0.00000000000000D+00
   3   7   2   2  0.00000000000000D+00  0.00000000000000D+00
   3   7   3   2 -0.30092223144491D+02  0.00000000000000D+00
   3   7   1   3  0.00000000000000D+00  0.00000000000000D+00
   3   7   2   3  0.00000000000000D+00  0.00000000000000D+00
   3   7   3   3 -0.53949264005870D+02  0.00000000000000D+00
   3   7   1   4  0.00000000000000D+00  0.00000000000000D+00
   3   7   2   4  0.00000000000000D+00  0.00000000000000D+00
   3   7   3   4 -0.53949264005870D+02  0.00000000000000D+00
   3   7   1   5  0.00000000000000D+00  0.00000000000000D+00
   3   7   2   5  0.00000000000000D+00  0.00000000000000D+00
   3   7   3   5 -0.74939253508877D+02  0.00000000000000D+00
   3   7   1   7  0.12392864512378D-12  0.00000000000000D+00
   3   7   2   7  0.00000000000000D+00  0.00000000000000D+00
   3   7   3   7 -0.17913150511862D+03  0.00000000000000D+00
