=begin
= semi-empirical determination of parameters in feram
Give a_0.

== Elastic constants B11, B12 and B44
We use B11, B12 and B44 determined from first principles.

== Fourth-order parameters P_alpha and P_gamma and coupling constants B1xx, B1yy and B4yz
With a_0.

== Response-function calculations
With a_0.

=== Optical dielectric constant epsilon_inf
 % less perovskite-Gamma.out
       :
   Dielectric tensor, in cartesian coordinates,
      j1       j2             matrix element
   dir pert dir pert     real part    imaginary part
  
    1    7   1    7         6.7435258074        -0.0000000000
    1    7   2    7        -0.0000000000        -0.0000000000
    1    7   3    7         0.0000000000        -0.0000000000
  
    2    7   1    7        -0.0000000000        -0.0000000000
    2    7   2    7         6.7435258074        -0.0000000000
    2    7   3    7        -0.0000000000        -0.0000000000
  
    3    7   1    7         0.0000000000        -0.0000000000
    3    7   2    7        -0.0000000000        -0.0000000000
    3    7   3    7         6.7435258074        -0.0000000000

=== Analysis of the perovskite-Gamma.in calculation
% ./diagonalize15x15 < perovskite-Gamma_o_DS3_DDB
acell =    4.00000   4.00000   4.00000 [Angstrom]
eigenvalues [eV/Angstrom^2] and eigenvectors of the matrix of interatomic force constants (IFCs)
 1  -4.502726     0.161 -0.000  0.001     0.763 -0.000  0.005    -0.572  0.000 -0.001    -0.181  0.000 -0.001    -0.181  0.000 -0.004
 2  -4.502726    -0.001 -0.000  0.161    -0.005 -0.000  0.763     0.004  0.000 -0.181     0.001  0.000 -0.181     0.001  0.000 -0.572
 3  -4.502702    -0.000 -0.161 -0.000    -0.000 -0.763 -0.000     0.000  0.181  0.000     0.000  0.572  0.000     0.000  0.181  0.000
 4   0.015221     0.000  0.449 -0.000     0.000  0.450 -0.000     0.000  0.446 -0.000     0.000  0.444 -0.000     0.000  0.446 -0.000
 5   0.015245    -0.000  0.000  0.449    -0.000  0.000  0.450    -0.000  0.000  0.446    -0.000  0.000  0.446    -0.000  0.000  0.444
 6   0.015245    -0.449  0.000 -0.000    -0.450  0.000 -0.000    -0.444  0.000 -0.000    -0.446  0.000 -0.000    -0.446  0.000 -0.000
 7   4.663333     0.000 -0.000 -0.000     0.000 -0.000  0.000    -0.000  0.000  0.000    -0.707  0.000 -0.000     0.707 -0.000  0.000
 8   4.663333     0.000  0.000  0.000    -0.000  0.000  0.000     0.000 -0.000  0.707     0.000 -0.000 -0.707    -0.000  0.000  0.000
 9   4.663333    -0.000 -0.000 -0.000    -0.000 -0.000  0.000     0.000  0.707  0.000     0.000  0.000 -0.000    -0.000 -0.707 -0.000
10   7.320475    -0.000 -0.853 -0.000     0.000  0.291  0.000    -0.000  0.305  0.000     0.000 -0.045  0.000     0.000  0.305 -0.000
11   7.320492     0.853 -0.000 -0.003    -0.291  0.000  0.001     0.045  0.000  0.001    -0.305 -0.000  0.001    -0.305  0.000 -0.000
12   7.320492    -0.003  0.000 -0.853     0.001 -0.000  0.291    -0.000 -0.000  0.305     0.001  0.000  0.305     0.001 -0.000 -0.045
13  13.644520    -0.212  0.000  0.000     0.362 -0.000 -0.000     0.688  0.000  0.000    -0.418 -0.000  0.000    -0.418  0.000 -0.000
14  13.644520    -0.000 -0.000 -0.212     0.000  0.000  0.362     0.000 -0.000 -0.418    -0.000  0.000 -0.418    -0.000 -0.000  0.688
15  13.644537     0.000  0.212 -0.000    -0.000 -0.362  0.000    -0.000  0.418 -0.000     0.000 -0.688 -0.000     0.000  0.418  0.000

 % ./perovskite-frozen-phonon-Gamma.nqs
 % ~/f/loto/feram/trunk/src/frozen_phonon_Gamma 
 a0 =   3.9999999 [Angstrom]
 eigenvalues [eV/Angstrom^2] and eigenvectors of force_constant_matrix
 1  -4.505448  -0.1614  -0.7637   0.1802   0.1802   0.5707
 2   0.008253   0.4483   0.4489   0.4467   0.4467   0.4454
 3   4.660609   0.0000  -0.0000   0.7071  -0.7071  -0.0000
 4   7.318675  -0.8532   0.2905   0.3047   0.3047  -0.0450
 5  13.639128  -0.2121   0.3617  -0.4185  -0.4185   0.6884

 % ../../src/displacement < perovskite-tetragonal.out
 xred     0.000  0.000  0.000  0.000  0.000     0.000  0.000  0.000  0.000  0.000    ???????????????????????

=== Effective charge Z_star and effective mass mass_amu
 % less perovskite-Gamma.out
       :
  Effective charges, in cartesian coordinates,
  (from electric field response)
       :
    1    1   3    7         0.0000000000         0.0000000000
    2    1   3    7         0.0000000000         0.0000000000
    3    1   3    7         2.7411365872         0.0000000000
    1    2   3    7         0.0000000000         0.0000000000
    2    2   3    7         0.0000000000         0.0000000000
    3    2   3    7         7.3499205079         0.0000000000
    1    3   3    7         0.0000000000         0.0000000000
    2    3   3    7         0.0000000000         0.0000000000
    3    3   3    7        -2.1453618267         0.0000000000
    1    4   3    7         0.0000000000         0.0000000000
    2    4   3    7         0.0000000000         0.0000000000
    3    4   3    7        -2.1453618267         0.0000000000
    1    5   3    7         0.0000000000         0.0000000000
    2    5   3    7         0.0000000000         0.0000000000
    3    5   3    7        -5.7987169883         0.0000000000
       :

 Z_star = 10.15
 = 2.7411365872 *  0.161
  +7.3499205079 *  0.763
  -2.1453618267 * -0.181
  -2.1453618267 * -0.181
  -5.7987169883 * -0.574

 mass_amu = 37.75 = 137.327*0.161**2 + 47.867*0.763**2 + 15.9994*(0.181**2+0.181**2+0.574**2)



=== Self interaction P_kappa2 and nearest neighbor interactions j1, ..., j7
The eigenvalues and eigenvectors at each k-point.
 0.00 0.00 0.00 % ./diagonalize15x15 < perovskite-Gamma_o_DS3_DDB
 acell =    4.00000   4.00000   4.00000 [Angstrom]
 eigenvalues [eV/Angstrom^2] and eigenvectors of the matrix of interatomic force constants (IFCs)
  1a -4.502726     0.161 -0.000  0.001     0.763 -0.000  0.005    -0.572  0.000 -0.001    -0.181  0.000 -0.001    -0.181  0.000 -0.004
  2a -4.502726    -0.001 -0.000  0.161    -0.005 -0.000  0.763     0.004  0.000 -0.181     0.001  0.000 -0.181     0.001  0.000 -0.572
  3a -4.502702    -0.000 -0.161 -0.000    -0.000 -0.763 -0.000     0.000  0.181  0.000     0.000  0.572  0.000     0.000  0.181  0.000
  4   0.015221     0.000  0.449 -0.000     0.000  0.450 -0.000     0.000  0.446 -0.000     0.000  0.444 -0.000     0.000  0.446 -0.000
  5   0.015245    -0.000  0.000  0.449    -0.000  0.000  0.450    -0.000  0.000  0.446    -0.000  0.000  0.446    -0.000  0.000  0.444
  6   0.015245    -0.449  0.000 -0.000    -0.450  0.000 -0.000    -0.444  0.000 -0.000    -0.446  0.000 -0.000    -0.446  0.000 -0.000
  7   4.663333     0.000 -0.000 -0.000     0.000 -0.000  0.000    -0.000  0.000  0.000    -0.707  0.000 -0.000     0.707 -0.000  0.000
  8   4.663333     0.000  0.000  0.000    -0.000  0.000  0.000     0.000 -0.000  0.707     0.000 -0.000 -0.707    -0.000  0.000  0.000
  9   4.663333    -0.000 -0.000 -0.000    -0.000 -0.000  0.000     0.000  0.707  0.000     0.000  0.000 -0.000    -0.000 -0.707 -0.000
 10   7.320475    -0.000 -0.853 -0.000     0.000  0.291  0.000    -0.000  0.305  0.000     0.000 -0.045  0.000     0.000  0.305 -0.000
 11   7.320492     0.853 -0.000 -0.003    -0.291  0.000  0.001     0.045  0.000  0.001    -0.305 -0.000  0.001    -0.305  0.000 -0.000
 12   7.320492    -0.003  0.000 -0.853     0.001 -0.000  0.291    -0.000 -0.000  0.305     0.001  0.000  0.305     0.001 -0.000 -0.045
 13  13.644520    -0.212  0.000  0.000     0.362 -0.000 -0.000     0.688  0.000  0.000    -0.418 -0.000  0.000    -0.418  0.000 -0.000
 14  13.644520    -0.000 -0.000 -0.212     0.000  0.000  0.362     0.000 -0.000 -0.418    -0.000  0.000 -0.418    -0.000 -0.000  0.688
 15  13.644537     0.000  0.212 -0.000    -0.000 -0.362  0.000    -0.000  0.418 -0.000     0.000 -0.688 -0.000     0.000  0.418  0.000
 0.50 0.00 0.00 % ./diagonalize15x15 < perovskite-X_o_DS1_DDB
 acell =    4.00000   4.00000   4.00000 [Angstrom]
 eigenvalues [eV/Angstrom^2] and eigenvectors of the matrix of interatomic force constants (IFCs)
  1c -3.624743    -0.000  0.000 -0.000    -0.000 -0.797 -0.000     0.000  0.000 -0.000    -0.000  0.568  0.000    -0.000  0.206  0.000
  2c -3.624693     0.000  0.000 -0.000     0.000  0.000 -0.797     0.000  0.000  0.000     0.000 -0.000  0.206    -0.000 -0.000  0.568
  3   3.009764    -0.000  0.000 -0.000     0.000 -0.000 -0.492    -0.000  0.000 -0.000     0.000 -0.000 -0.767     0.000 -0.000 -0.412
  4   3.009795     0.000 -0.000 -0.000     0.000  0.492 -0.000     0.000 -0.000 -0.000     0.000  0.412 -0.000     0.000  0.767 -0.000
  5   5.375591     0.000 -0.040  0.921    -0.000 -0.000 -0.000     0.000 -0.017  0.386    -0.000  0.000 -0.000     0.000 -0.000 -0.000
  6   5.375591     0.000 -0.921 -0.040     0.000 -0.000 -0.000     0.000 -0.386 -0.017     0.000 -0.000 -0.000     0.000 -0.000 -0.000
  7   5.780236    -0.000  0.000  0.000     0.397 -0.000  0.000    -0.000 -0.000 -0.000     0.649  0.000  0.000     0.649 -0.000  0.000
  8   6.136271    -0.000 -0.000 -0.000    -0.000  0.000  0.000    -0.000  0.000 -0.000    -0.707 -0.000  0.000     0.707  0.000  0.000
  9   6.641809    -0.000  0.386 -0.022    -0.000 -0.000 -0.000    -0.000 -0.921  0.053    -0.000  0.000 -0.000    -0.000 -0.000  0.000
 10   6.641809     0.000 -0.022 -0.386     0.000  0.000 -0.000     0.000  0.053  0.921     0.000 -0.000 -0.000     0.000  0.000 -0.000
 11   9.875024     0.913  0.000 -0.000     0.000 -0.000 -0.000     0.408 -0.000 -0.000     0.000 -0.000  0.000     0.000  0.000 -0.000
 12  11.669403     0.000 -0.000  0.000    -0.000 -0.000  0.350     0.000  0.000  0.000     0.000 -0.000 -0.608    -0.000  0.000  0.713
 13  11.669422    -0.000  0.000 -0.000     0.000 -0.350 -0.000     0.000 -0.000  0.000     0.000 -0.713  0.000     0.000  0.608 -0.000
 14  26.113834    -0.408  0.000  0.000    -0.000  0.000 -0.000     0.913 -0.000 -0.000     0.000  0.000  0.000     0.000 -0.000 -0.000
 15b 33.505523     0.000 -0.000  0.000    -0.918 -0.000 -0.000    -0.000  0.000 -0.000     0.281 -0.000  0.000     0.281  0.000  0.000
 0.50 0.50 0.00 % ./diagonalize15x15 < perovskite-M_o_DS1_DDB
 acell =    4.00000   4.00000   4.00000 [Angstrom]
 eigenvalues [eV/Angstrom^2] and eigenvectors of the matrix of interatomic force constants (IFCs)
  1d -3.129537     0.000 -0.000  0.000    -0.000  0.000  0.863    -0.000  0.000 -0.000     0.000 -0.000  0.000     0.000  0.000 -0.506
  2   2.547567     0.000 -0.000  0.000     0.000  0.000  0.000    -0.000  0.707 -0.000    -0.707  0.000  0.000     0.000  0.000  0.000
  3   3.877196     0.576 -0.000  0.000    -0.000  0.417 -0.000    -0.000 -0.000 -0.000     0.000  0.000 -0.000    -0.000  0.703 -0.000
  4   3.877203     0.000  0.576  0.000     0.417  0.000  0.000    -0.000 -0.000  0.000    -0.000  0.000  0.000     0.703  0.000  0.000
  5   5.401878    -0.000 -0.000  1.000    -0.000 -0.000 -0.000    -0.000 -0.000 -0.000     0.000 -0.000 -0.000    -0.000 -0.000  0.000
  6   6.661275     0.000 -0.715 -0.000    -0.159  0.000 -0.000     0.000  0.000  0.000     0.000 -0.000  0.000     0.680 -0.000 -0.000
  7   6.661282     0.715  0.000 -0.000     0.000  0.159  0.000     0.000 -0.000  0.000     0.000 -0.000 -0.000    -0.000 -0.680  0.000
  8   7.038532     0.000 -0.000 -0.000    -0.000  0.000 -0.000    -0.000 -0.000 -0.810     0.000  0.000  0.586     0.000 -0.000 -0.000
  9   7.038532    -0.000 -0.000 -0.000    -0.000 -0.000  0.000    -0.000 -0.000 -0.586     0.000  0.000 -0.810     0.000  0.000  0.000
 10   7.841462     0.000 -0.000  0.000    -0.000  0.000  0.000    -0.707  0.000  0.000     0.000  0.707  0.000    -0.000 -0.000  0.000
 11   8.507003     0.000 -0.000 -0.000    -0.000  0.000  0.506    -0.000  0.000  0.000     0.000 -0.000  0.000     0.000  0.000  0.863
 12  12.341502    -0.000  0.000  0.000     0.000  0.000 -0.000     0.000  0.707  0.000     0.707 -0.000  0.000    -0.000 -0.000 -0.000
 13  28.000192     0.000  0.000  0.000    -0.000  0.000  0.000     0.707 -0.000  0.000    -0.000  0.707  0.000     0.000  0.000  0.000
 14e 31.696985     0.000 -0.396 -0.000     0.895 -0.000 -0.000     0.000 -0.000  0.000     0.000  0.000  0.000    -0.207  0.000  0.000
 15e 31.696986    -0.396 -0.000 -0.000     0.000  0.895 -0.000    -0.000 -0.000  0.000    -0.000 -0.000 -0.000    -0.000 -0.207  0.000
 0.50 0.50 0.50 % ./diagonalize15x15 < perovskite-R_o_DS1_DDB
 acell =    4.00000   4.00000   4.00000 [Angstrom]
 eigenvalues [eV/Angstrom^2] and eigenvectors of the matrix of interatomic force constants (IFCs)
  1   1.951721     0.000  0.000  0.000    -0.000 -0.000  0.000    -0.000  0.549  0.446    -0.549  0.000 -0.013    -0.446  0.013  0.000
  2   1.951721    -0.000 -0.000  0.000     0.000 -0.000  0.000     0.000  0.445 -0.549    -0.445 -0.000 -0.022     0.549  0.022 -0.000
  3   1.951721     0.000 -0.000  0.000    -0.000  0.000 -0.000    -0.000  0.024 -0.009    -0.024  0.000  0.707     0.009 -0.707  0.000
  4   6.251850     0.000  0.000  0.000     0.000  0.000  0.000     0.794  0.000  0.000    -0.000 -0.562 -0.000    -0.000 -0.000 -0.232
  5   6.251850     0.000  0.000  0.000     0.000  0.000  0.000     0.191  0.000  0.000    -0.000  0.592 -0.000    -0.000 -0.000 -0.783
  6   8.405813     0.000  0.000  1.000    -0.000  0.000  0.000    -0.000 -0.018 -0.000    -0.018  0.000 -0.000    -0.000 -0.000  0.000
  7   8.405814    -0.720 -0.693  0.000     0.000 -0.000 -0.000     0.000 -0.000  0.013    -0.000  0.000  0.013     0.013  0.013  0.000
  8   8.405814    -0.693  0.720  0.000    -0.000 -0.000 -0.000     0.000 -0.000 -0.013    -0.000  0.000  0.013    -0.013  0.013  0.000
  9  10.196384     0.000 -0.026 -0.000     0.000  0.000  0.000     0.000 -0.000 -0.707    -0.000 -0.000  0.008    -0.707  0.008 -0.000
 10  10.196384     0.026  0.000 -0.000    -0.000  0.000  0.000     0.000 -0.000  0.008    -0.000 -0.000  0.707     0.008  0.707 -0.000
 11  10.196385     0.000 -0.000  0.026    -0.000 -0.000  0.000     0.000  0.707 -0.000     0.707 -0.000  0.000    -0.000  0.000 -0.000
 12f 26.677331    -0.000 -0.000 -0.000    -0.708  0.500  0.499     0.000 -0.000 -0.000    -0.000  0.000 -0.000    -0.000 -0.000  0.000
 13f 26.677331    -0.000  0.000 -0.000     0.001  0.707 -0.707     0.000  0.000  0.000     0.000  0.000 -0.000    -0.000  0.000  0.000
 14f 26.677331     0.000 -0.000 -0.000    -0.707 -0.500 -0.501    -0.000 -0.000 -0.000    -0.000 -0.000 -0.000    -0.000 -0.000 -0.000
 15  30.834583    -0.000  0.000  0.000     0.000  0.000  0.000    -0.577 -0.000 -0.000     0.000 -0.577 -0.000     0.000 -0.000 -0.577
 0.25 0.25 0.00 % ./diagonalize15x15 < perovskite-Sigma_o_DS1_DDB





== Author of this document
Takeshi Nishimatsu (t-nissie{at}imr.tohoku.ac.jp)

=end
#
# for ulmul.rb
#
require 'rubygems'
require 'ulmul'
u=Ulmul.new()
u.subs_rules << [/(BaTiO3-first-principles\/\S*(in|files|nqs|rb|delta|gp|out|Makefile))/, '<a href="\1">\1</a>']
u.subs_rules << [/(brdmin\.patch)/, '<a href="\1">\1</a>']
u.subs_rules << [/(doc\/figures\/\S*\.eps)(\s|,|$)/, '<a href="\1">\1</a>\2']
u.subs_rules << [/(doc\/figures\/\S*\.jpg)(\s|,|$)/, '<a href="\1">\1</a>\2']

u.parse(ARGF)
puts u.html(["style.css"],[],"Takeshi Nishimatsu")

# Local variables:
#   mode: RD
#   compile-command: "ruby semi-empirical.txt semi-empirical.txt > semi-empirical.html"
# End:
