 Fermi (or HOMO) energy (hartree) =   0.01420   Average Vxc (hartree)=  -0.42443
 Eigenvalues (hartree) for nkpt=  20  k points:
 kpt#   1, nband= 20, wtk=  0.01563, kpt=  0.0625  0.0625  0.0625 (reduced coord)
  -2.01507  -1.17470  -1.17469  -1.17469  -0.88726  -0.59621  -0.57099  -0.57099
  -0.34692  -0.34692  -0.34423  -0.07307  -0.06879  -0.06879  -0.03295  -0.03295
  -0.02361   0.00086   0.00741   0.00741
 kpt#   2, nband= 20, wtk=  0.04688, kpt=  0.1875  0.0625  0.0625 (reduced coord)
  -2.01505  -1.17530  -1.17468  -1.17467  -0.88601  -0.59718  -0.57054  -0.56965
  -0.34586  -0.34559  -0.33947  -0.08953  -0.07373  -0.07216  -0.04711  -0.04365
  -0.02705  -0.01902   0.00002   0.00051
 kpt#   3, nband= 20, wtk=  0.04688, kpt=  0.3125  0.0625  0.0625 (reduced coord)
  -2.01503  -1.17615  -1.17464  -1.17464  -0.88419  -0.60088  -0.56990  -0.56487
  -0.34366  -0.34264  -0.33457  -0.11322  -0.08126  -0.07909  -0.05935  -0.05777
  -0.03557  -0.03324  -0.00876  -0.00741
 kpt#   4, nband= 20, wtk=  0.04688, kpt=  0.4375  0.0625  0.0625 (reduced coord)
  -2.01501  -1.17675  -1.17462  -1.17462  -0.88289  -0.60437  -0.56945  -0.56021
  -0.34225  -0.33968  -0.33185  -0.12971  -0.08629  -0.08490  -0.07183  -0.06305
  -0.04110  -0.03668  -0.01518  -0.01229
 kpt#   5, nband= 20, wtk=  0.04688, kpt=  0.1875  0.1875  0.0625 (reduced coord)
  -2.01504  -1.17529  -1.17526  -1.17465  -0.88487  -0.59607  -0.57033  -0.56921
  -0.34740  -0.34466  -0.33532  -0.09911  -0.08311  -0.07510  -0.06278  -0.05249
  -0.03314  -0.02115  -0.00810  -0.00253
 kpt#   6, nband= 20, wtk=  0.09375, kpt=  0.3125  0.1875  0.0625 (reduced coord)
  -2.01501  -1.17612  -1.17524  -1.17462  -0.88323  -0.59706  -0.56935  -0.56626
  -0.34662  -0.34256  -0.33346  -0.11692  -0.09298  -0.08379  -0.07667  -0.06204
  -0.04028  -0.02315  -0.01746  -0.00624
 kpt#   7, nband= 20, wtk=  0.09375, kpt=  0.4375  0.1875  0.0625 (reduced coord)
  -2.01500  -1.17671  -1.17521  -1.17460  -0.88206  -0.59914  -0.56855  -0.56256
  -0.34538  -0.33899  -0.33511  -0.13155  -0.09854  -0.09173  -0.08458  -0.06601
  -0.03812  -0.02895  -0.02156  -0.01167
 kpt#   8, nband= 20, wtk=  0.04688, kpt=  0.3125  0.3125  0.0625 (reduced coord)
  -2.01499  -1.17609  -1.17606  -1.17459  -0.88186  -0.59273  -0.56930  -0.56611
  -0.34820  -0.34271  -0.33409  -0.12415  -0.10751  -0.10429  -0.07926  -0.07156
  -0.04215  -0.02785  -0.01803   0.00184
 kpt#   9, nband= 20, wtk=  0.09375, kpt=  0.4375  0.3125  0.0625 (reduced coord)
  -2.01498  -1.17666  -1.17604  -1.17457  -0.88087  -0.59111  -0.56806  -0.56552
  -0.34785  -0.34353  -0.33515  -0.13433  -0.11840  -0.11195  -0.08398  -0.07508
  -0.04121  -0.02769  -0.01985   0.00437
 kpt#  10, nband= 20, wtk=  0.04688, kpt=  0.4375  0.4375  0.0625 (reduced coord)
  -2.01496  -1.17662  -1.17662  -1.17454  -0.88001  -0.58476  -0.56851  -0.56733
  -0.34878  -0.34756  -0.33451  -0.13954  -0.12935  -0.12463  -0.08351  -0.08261
  -0.04800  -0.01864  -0.01505   0.01129
 kpt#  11, nband= 20, wtk=  0.01563, kpt=  0.1875  0.1875  0.1875 (reduced coord)
  -2.01502  -1.17528  -1.17524  -1.17524  -0.88383  -0.59377  -0.56948  -0.56948
  -0.34874  -0.34874  -0.33059  -0.10823  -0.08461  -0.08461  -0.06335  -0.06335
  -0.05172  -0.01333  -0.00829  -0.00829
 kpt#  12, nband= 20, wtk=  0.04688, kpt=  0.3125  0.1875  0.1875 (reduced coord)
  -2.01500  -1.17609  -1.17522  -1.17520  -0.88233  -0.59287  -0.56826  -0.56720
  -0.35071  -0.34846  -0.33048  -0.12063  -0.09918  -0.08725  -0.07763  -0.07018
  -0.05574  -0.01644  -0.01177  -0.00940
 kpt#  13, nband= 20, wtk=  0.04688, kpt=  0.4375  0.1875  0.1875 (reduced coord)
  -2.01498  -1.17668  -1.17519  -1.17518  -0.88126  -0.59383  -0.56738  -0.56372
  -0.35217  -0.34425  -0.33478  -0.13270  -0.10469  -0.09065  -0.08892  -0.07271
  -0.05103  -0.02180  -0.01397  -0.01329
 kpt#  14, nband= 20, wtk=  0.04688, kpt=  0.3125  0.3125  0.1875 (reduced coord)
  -2.01498  -1.17606  -1.17603  -1.17518  -0.88104  -0.58787  -0.56789  -0.56619
  -0.35337  -0.35316  -0.33331  -0.12548  -0.10789  -0.10178  -0.08187  -0.07312
  -0.06469  -0.01864  -0.00988  -0.00026
 kpt#  15, nband= 20, wtk=  0.09375, kpt=  0.4375  0.3125  0.1875 (reduced coord)
  -2.01496  -1.17663  -1.17601  -1.17515  -0.88011  -0.58570  -0.56647  -0.56507
  -0.35651  -0.35149  -0.33913  -0.13436  -0.11301  -0.10882  -0.08670  -0.07471
  -0.06331  -0.01838  -0.01169   0.00363
 kpt#  16, nband= 20, wtk=  0.04688, kpt=  0.4375  0.4375  0.1875 (reduced coord)
  -2.01495  -1.17659  -1.17659  -1.17513  -0.87929  -0.57921  -0.56670  -0.56573
  -0.35654  -0.35619  -0.34520  -0.13917  -0.12452  -0.11288  -0.08263  -0.07793
  -0.07143  -0.01194  -0.00891   0.01178
 kpt#  17, nband= 20, wtk=  0.01563, kpt=  0.3125  0.3125  0.3125 (reduced coord)
  -2.01496  -1.17602  -1.17599  -1.17599  -0.87987  -0.58130  -0.56582  -0.56582
  -0.36006  -0.36006  -0.34032  -0.12624  -0.10820  -0.10820  -0.09296  -0.07382
  -0.07382  -0.00662  -0.00662   0.00227
 kpt#  18, nband= 20, wtk=  0.04688, kpt=  0.4375  0.3125  0.3125 (reduced coord)
  -2.01494  -1.17658  -1.17598  -1.17597  -0.87903  -0.57750  -0.56455  -0.56431
  -0.36487  -0.36056  -0.34915  -0.13495  -0.11289  -0.10829  -0.09777  -0.07372
  -0.07138  -0.00771  -0.00018   0.00579
 kpt#  19, nband= 20, wtk=  0.04688, kpt=  0.4375  0.4375  0.3125 (reduced coord)
  -2.01493  -1.17655  -1.17655  -1.17595  -0.87825  -0.57092  -0.56402  -0.56345
  -0.36745  -0.36623  -0.35921  -0.13978  -0.12433  -0.10898  -0.09132  -0.07374
  -0.07289   0.00075   0.00247   0.01274
 kpt#  20, nband= 20, wtk=  0.01563, kpt=  0.4375  0.4375  0.4375 (reduced coord)
  -2.01491  -1.17653  -1.17652  -1.17652  -0.87751  -0.56451  -0.56202  -0.56202
  -0.37307  -0.37307  -0.36970  -0.14410  -0.12418  -0.12418  -0.07751  -0.07212
  -0.07212   0.01169   0.01169   0.01420
