tail -324 perovskite-Gamma_o_DS3_DDB | ./diagonalize15x15
 1  -0.567101     0.237 -0.000  0.001     0.788 -0.000  0.002    -0.460  0.000 -0.001    -0.237  0.000 -0.001    -0.237  0.000 -0.001
 2  -0.567101    -0.001 -0.000  0.237    -0.002 -0.000  0.788     0.001  0.000 -0.237     0.001  0.000 -0.237     0.001  0.000 -0.460
 3  -0.567097    -0.000 -0.237 -0.000    -0.000 -0.788 -0.000     0.000  0.237  0.000     0.000  0.460  0.000     0.000  0.237  0.000
 4  -0.016426     0.436 -0.000 -0.005     0.416 -0.000 -0.005     0.466 -0.000 -0.006     0.458 -0.000 -0.006     0.458 -0.000 -0.006
 5  -0.016426    -0.005  0.000 -0.436    -0.005  0.000 -0.416    -0.006  0.000 -0.458    -0.006  0.000 -0.458    -0.006  0.000 -0.466
 6  -0.016425     0.000  0.436  0.000     0.000  0.416  0.000     0.000  0.458  0.000     0.000  0.466  0.000     0.000  0.458  0.000
 7   2.776185     0.000  0.000 -0.000     0.000  0.000 -0.000    -0.000 -0.707  0.003    -0.001 -0.000 -0.003     0.001  0.707 -0.000
 8   2.776185     0.000 -0.000 -0.000    -0.000 -0.000  0.000    -0.000  0.003  0.707     0.000  0.000 -0.707    -0.000 -0.003 -0.000
 9   2.776185     0.000  0.000 -0.000    -0.000  0.000  0.000     0.000 -0.001 -0.000     0.707 -0.000  0.000    -0.707  0.001  0.000
10   5.412414    -0.000 -0.858 -0.000     0.000  0.393  0.000    -0.000  0.234  0.000     0.000 -0.009  0.000     0.000  0.234 -0.000
11   5.412419    -0.858  0.000  0.002     0.393 -0.000 -0.001    -0.009 -0.000 -0.000     0.234  0.000 -0.000     0.234 -0.000  0.000
12   5.412419     0.002 -0.000  0.858    -0.001  0.000 -0.393     0.000  0.000 -0.234    -0.000 -0.000 -0.234    -0.000  0.000  0.009
13   8.264379     0.000  0.135 -0.000    -0.000 -0.227  0.000    -0.000  0.424 -0.000     0.000 -0.756 -0.000     0.000  0.424  0.000
14   8.264379    -0.003 -0.000 -0.135     0.005  0.000  0.227     0.015 -0.000 -0.424    -0.009  0.000 -0.424    -0.009 -0.000  0.756
15   8.264379    -0.135  0.000  0.003     0.227 -0.000 -0.005     0.756  0.000  0.009    -0.424 -0.000  0.009    -0.424  0.000 -0.015
tail -225 perovskite-M_o_DS1_DDB     | ./diagonalize15x15
 1   0.452641     0.000 -0.000 -0.000    -0.000  0.000 -0.949     0.000 -0.000 -0.000    -0.000  0.000 -0.000     0.000  0.000  0.314
 2   1.554029    -0.000  0.000 -0.000     0.000 -0.000  0.000     0.000  0.707 -0.000    -0.707 -0.000  0.000    -0.000 -0.000 -0.000
 3   2.510517     0.509  0.000 -0.000     0.000  0.373  0.000     0.000  0.000 -0.000    -0.000 -0.000 -0.000     0.000  0.775 -0.000
 4   2.510519     0.000 -0.509  0.000    -0.373  0.000  0.000    -0.000  0.000  0.000    -0.000  0.000 -0.000    -0.775  0.000 -0.000
 5   3.823584     0.000  0.000  1.000     0.000  0.000 -0.000    -0.000 -0.000 -0.000    -0.000  0.000 -0.000    -0.000  0.000  0.000
 6   4.308496    -0.000  0.000  0.000     0.000 -0.000 -0.000    -0.000  0.000  1.000    -0.000  0.000  0.005    -0.000  0.000  0.000
 7   4.308496     0.000  0.000 -0.000     0.000  0.000  0.000    -0.000  0.000  0.005    -0.000  0.000 -1.000    -0.000 -0.000 -0.000
 8   4.582138    -0.763  0.000 -0.000     0.000 -0.221 -0.000    -0.000  0.000 -0.000     0.000  0.000 -0.000    -0.000  0.608  0.000
 9   4.582144     0.000  0.763 -0.000     0.221  0.000 -0.000     0.000 -0.000 -0.000     0.000 -0.000  0.000    -0.607 -0.000  0.000
10   5.357264     0.000 -0.000 -0.000    -0.000  0.000  0.314    -0.000  0.000 -0.000     0.000 -0.000 -0.000     0.000  0.000  0.949
11   6.534670     0.000  0.000 -0.000     0.000  0.000 -0.000    -0.707 -0.000 -0.000    -0.000  0.707  0.000    -0.000  0.000 -0.000
12   7.554092    -0.000  0.000 -0.000     0.000  0.000  0.000     0.000 -0.707  0.000    -0.707 -0.000  0.000    -0.000 -0.000  0.000
13  18.650567     0.000 -0.000 -0.000     0.000 -0.000 -0.000    -0.707  0.000  0.000     0.000 -0.707 -0.000    -0.000  0.000 -0.000
14  19.965425     0.000 -0.398  0.000     0.901 -0.000  0.000     0.000  0.000  0.000     0.000  0.000  0.000    -0.172  0.000 -0.000
15  19.965435    -0.398 -0.000  0.000     0.000  0.901  0.000    -0.000  0.000  0.000     0.000 -0.000 -0.000    -0.000 -0.172 -0.000
tail -225 perovskite-R_o_DS1_DDB     | ./diagonalize15x15
 1   1.155990     0.000 -0.000 -0.000    -0.000  0.000  0.000    -0.000 -0.009 -0.707     0.009  0.000  0.000     0.707 -0.000  0.000
 2   1.155990    -0.000 -0.000  0.000     0.000  0.000 -0.000     0.000  0.021 -0.000    -0.021 -0.000  0.707     0.000 -0.707 -0.000
 3   1.155990     0.000  0.000 -0.000    -0.000  0.000  0.000    -0.000 -0.707  0.009     0.707  0.000  0.021    -0.009 -0.021  0.000
 4   5.467377     0.000  0.000 -0.868    -0.000  0.000 -0.000     0.000 -0.351  0.000    -0.351 -0.000  0.000     0.000  0.000 -0.000
 5   5.467380     0.666 -0.556  0.000    -0.000 -0.000 -0.000     0.000  0.000 -0.225     0.000 -0.000  0.270    -0.225  0.270 -0.000
 6   5.467380    -0.556 -0.666 -0.000    -0.000  0.000  0.000    -0.000 -0.000 -0.270    -0.000  0.000 -0.225    -0.270 -0.225  0.000
 7   5.564502    -0.000  0.000  0.000    -0.000  0.000  0.000     0.029  0.000  0.000     0.000 -0.721 -0.000     0.000 -0.000  0.692
 8   5.564502    -0.000  0.000  0.000    -0.000  0.000  0.000     0.816  0.000  0.000     0.000 -0.383 -0.000     0.000 -0.000 -0.433
 9   6.441028    -0.351 -0.352 -0.000     0.000  0.000  0.000     0.000  0.000  0.435     0.000 -0.000  0.433     0.435  0.433 -0.000
10   6.441028     0.352 -0.351  0.000     0.000 -0.000 -0.000    -0.000 -0.000  0.433    -0.000  0.000 -0.435     0.433 -0.435  0.000
11   6.441031    -0.000 -0.000  0.497    -0.000  0.000  0.000    -0.000 -0.614  0.000    -0.614  0.000  0.000     0.000  0.000  0.000
12  17.031704     0.000  0.000  0.000     0.707  0.500  0.500     0.000 -0.000 -0.000    -0.000  0.000 -0.000    -0.000 -0.000  0.000
13  17.031704     0.000 -0.000  0.000     0.000 -0.707  0.707    -0.000 -0.000 -0.000    -0.000 -0.000  0.000     0.000 -0.000  0.000
14  17.031704    -0.000  0.000  0.000     0.707 -0.500 -0.500    -0.000 -0.000 -0.000    -0.000 -0.000  0.000    -0.000  0.000 -0.000
15  20.415014     0.000  0.000  0.000     0.000 -0.000 -0.000     0.577  0.000  0.000     0.000  0.577 -0.000     0.000 -0.000  0.577
tail -225 perovskite-Sigma_o_DS1_DDB | ./diagonalize15x15
 1   0.112353   -0.00 0.00  0.00 0.00  0.19-0.00    0.00-0.00  0.00 0.00  0.00 0.89   -0.00-0.00  0.00 0.00 -0.09-0.09   -0.00-0.00  0.00 0.00 -0.09-0.09    0.00-0.00  0.00 0.00 -0.00-0.38
 2   1.155565   -0.32 0.00  0.32 0.00 -0.00 0.00   -0.00-0.27 -0.00 0.27 -0.00-0.00   -0.16-0.16  0.29 0.29 -0.00-0.00   -0.29-0.29  0.16 0.16 -0.00-0.00    0.00-0.33 -0.00 0.33 -0.00-0.00
 3   1.622845    0.00 0.00 -0.00 0.00 -0.39 0.00    0.00 0.00  0.00 0.00 -0.00-0.29    0.00 0.00 -0.00-0.00 -0.36-0.36    0.00 0.00 -0.00-0.00 -0.36-0.36    0.00 0.00  0.00 0.00 -0.00-0.51
 4   2.509676    0.21 0.00 -0.21 0.00 -0.00 0.00   -0.00 0.17 -0.00-0.17  0.00 0.00   -0.04-0.04  0.38 0.38 -0.00-0.00   -0.38-0.38  0.04 0.04 -0.00-0.00    0.00 0.37 -0.00-0.37 -0.00-0.00
 5   3.120817    0.08 0.00  0.08 0.00  0.00-0.00   -0.00 0.24 -0.00 0.24 -0.00-0.00    0.11 0.11  0.04 0.04  0.00 0.00    0.04 0.04  0.11 0.11  0.00 0.00   -0.00 0.64 -0.00 0.64  0.00 0.00
 6   3.434851    0.42 0.00 -0.42-0.00 -0.00 0.00    0.00 0.25  0.00-0.25  0.00 0.00   -0.20-0.20  0.01 0.01 -0.00-0.00   -0.01-0.01  0.20 0.20 -0.00-0.00    0.00-0.42  0.00 0.42 -0.00-0.00
 7   3.607784   -0.00 0.00  0.00 0.00 -0.00-0.00    0.00-0.00  0.00 0.00 -0.00 0.00    0.00 0.00 -0.00-0.00 -0.44-0.55   -0.00-0.00 -0.00-0.00  0.44 0.55    0.00 0.00  0.00-0.00  0.00-0.00
 8   4.529240   -0.00 0.00 -0.00-0.00 -0.90 0.00   -0.00 0.00 -0.00 0.00  0.00 0.30   -0.00-0.00 -0.00-0.00  0.15 0.15   -0.00-0.00 -0.00-0.00  0.15 0.15    0.00 0.00  0.00 0.00  0.00 0.09
 9   4.626820   -0.60 0.00 -0.60-0.00  0.00-0.00    0.00 0.11  0.00 0.11 -0.00-0.00   -0.07-0.07 -0.23-0.23 -0.00-0.00   -0.23-0.23 -0.07-0.07 -0.00-0.00   -0.00 0.09 -0.00 0.09  0.00-0.00
10   4.950342   -0.29 0.00 -0.29 0.00  0.00-0.00   -0.00 0.28 -0.00 0.28  0.00-0.00    0.05 0.05  0.40 0.40  0.00 0.00    0.40 0.40  0.05 0.05  0.00 0.00    0.00-0.14  0.00-0.14  0.00-0.00
11   7.014459   -0.23 0.00  0.23-0.00 -0.00-0.00   -0.00 0.15 -0.00-0.15 -0.00 0.00   -0.40-0.40 -0.14-0.14 -0.00-0.00    0.14 0.14  0.40 0.40 -0.00-0.00    0.00 0.25  0.00-0.25 -0.00 0.00
12   7.308495   -0.00 0.00  0.00 0.00 -0.05 0.00    0.00 0.00  0.00 0.00  0.00 0.21    0.00 0.00  0.00 0.00 -0.30-0.30    0.00 0.00 -0.00-0.00 -0.30-0.30   -0.00 0.00  0.00 0.00  0.00 0.76
13  11.237684    0.08 0.00  0.08 0.00 -0.00 0.00   -0.00 0.33 -0.00 0.33  0.00 0.00    0.37 0.37 -0.17-0.17 -0.00-0.00   -0.17-0.17  0.37 0.37 -0.00-0.00    0.00-0.24  0.00-0.24  0.00 0.00
14  11.890373    0.35 0.00 -0.35-0.00 -0.00-0.00    0.00-0.56  0.00 0.56 -0.00 0.00   -0.14-0.14 -0.05-0.05 -0.00-0.00    0.05 0.05  0.14 0.14 -0.00-0.00   -0.00 0.15 -0.00-0.15 -0.00 0.00
15  25.063902   -0.21-0.00 -0.21-0.00 -0.00-0.00   -0.00-0.49 -0.00-0.49 -0.00 0.00    0.31 0.31  0.08 0.08  0.00 0.00    0.08 0.08  0.31 0.31  0.00 0.00    0.00 0.09  0.00 0.09 -0.00-0.00
tail -225 perovskite-X_o_DS1_DDB     | ./diagonalize15x15
 1   0.138929     0.000 -0.000  0.000    -0.000  0.815  0.000     0.000 -0.000  0.000    -0.000 -0.471 -0.000    -0.000 -0.336 -0.000
 2   0.138941    -0.000  0.000 -0.000     0.000  0.000 -0.815    -0.000  0.000  0.000     0.000 -0.000  0.336     0.000 -0.000  0.471
 3   1.895501    -0.000  0.000 -0.000    -0.000 -0.000 -0.541    -0.000  0.000 -0.000    -0.000 -0.000 -0.731    -0.000 -0.000 -0.415
 4   1.895506     0.000 -0.000  0.000    -0.000  0.541 -0.000     0.000 -0.000  0.000    -0.000  0.415 -0.000    -0.000  0.731 -0.000
 5   3.400019    -0.000  0.002  0.702    -0.000 -0.000 -0.000     0.000  0.002  0.712    -0.000 -0.000 -0.000    -0.000 -0.000 -0.000
 6   3.400019    -0.000 -0.702  0.002     0.000 -0.000 -0.000    -0.000 -0.712  0.002     0.000 -0.000 -0.000     0.000 -0.000  0.000
 7   3.729938    -0.000 -0.000 -0.000     0.000 -0.000 -0.000    -0.000 -0.000 -0.000    -0.707  0.000 -0.000     0.707 -0.000 -0.000
 8   3.907045    -0.000 -0.000 -0.000    -0.362 -0.000  0.000     0.000 -0.000  0.000    -0.659  0.000  0.000    -0.659 -0.000  0.000
 9   4.440487     0.000  0.001 -0.712     0.000 -0.000  0.000     0.000 -0.001  0.702     0.000  0.000 -0.000     0.000  0.000 -0.000
10   4.440487    -0.000 -0.712 -0.001    -0.000  0.000  0.000    -0.000  0.702  0.001    -0.000 -0.000  0.000    -0.000  0.000 -0.000
11   6.824854     0.929 -0.000  0.000    -0.000 -0.000 -0.000     0.370  0.000 -0.000    -0.000  0.000 -0.000    -0.000 -0.000  0.000
12   7.232313     0.000 -0.000  0.000    -0.000  0.000 -0.205     0.000 -0.000 -0.000    -0.000  0.000  0.594    -0.000 -0.000 -0.778
13   7.232321    -0.000 -0.000 -0.000     0.000  0.205  0.000    -0.000  0.000  0.000     0.000  0.778 -0.000     0.000 -0.594  0.000
14  17.241321    -0.370 -0.000 -0.000    -0.000 -0.000 -0.000     0.929  0.000 -0.000     0.000 -0.000  0.000     0.000  0.000 -0.000
15  20.921074     0.000 -0.000  0.000    -0.932  0.000 -0.000    -0.000 -0.000 -0.000     0.256  0.000  0.000     0.256 -0.000 -0.000
