
 **** DERIVATIVE DATABASE ****    
+DDB, Version number     10929

  Note : temporary (transfer) database                                                                                                                                                                                                                                   

     natom         5
      nkpt       512
    nsppol         1
      nsym        48
    ntypat         3
    occopt         1
     nband        20
     acell  0.74434230817000D+01  0.74434230817000D+01  0.74434230817000D+01
       amu  0.13732700000000D+03  0.47880000000000D+02  0.15999400000000D+02
   dilatmx  0.10000000000000D+01
      ecut  0.40000000000000D+02
    ecutsm  0.00000000000000D+00
     intxc         0
      iscf         5
       ixc         3
       kpt  0.62500000000000D-01  0.62500000000000D-01  0.62500000000000D-01
            0.18750000000000D+00  0.62500000000000D-01  0.62500000000000D-01
            0.31250000000000D+00  0.62500000000000D-01  0.62500000000000D-01
            0.43750000000000D+00  0.62500000000000D-01  0.62500000000000D-01
           -0.43750000000000D+00  0.62500000000000D-01  0.62500000000000D-01
           -0.31250000000000D+00  0.62500000000000D-01  0.62500000000000D-01
           -0.18750000000000D+00  0.62500000000000D-01  0.62500000000000D-01
           -0.62500000000000D-01  0.62500000000000D-01  0.62500000000000D-01
            0.62500000000000D-01  0.18750000000000D+00  0.62500000000000D-01
            0.18750000000000D+00  0.18750000000000D+00  0.62500000000000D-01
            0.31250000000000D+00  0.18750000000000D+00  0.62500000000000D-01
            0.43750000000000D+00  0.18750000000000D+00  0.62500000000000D-01
           -0.43750000000000D+00  0.18750000000000D+00  0.62500000000000D-01
           -0.31250000000000D+00  0.18750000000000D+00  0.62500000000000D-01
           -0.18750000000000D+00  0.18750000000000D+00  0.62500000000000D-01
           -0.62500000000000D-01  0.18750000000000D+00  0.62500000000000D-01
            0.62500000000000D-01  0.31250000000000D+00  0.62500000000000D-01
            0.18750000000000D+00  0.31250000000000D+00  0.62500000000000D-01
            0.31250000000000D+00  0.31250000000000D+00  0.62500000000000D-01
            0.43750000000000D+00  0.31250000000000D+00  0.62500000000000D-01
           -0.43750000000000D+00  0.31250000000000D+00  0.62500000000000D-01
           -0.31250000000000D+00  0.31250000000000D+00  0.62500000000000D-01
           -0.18750000000000D+00  0.31250000000000D+00  0.62500000000000D-01
           -0.62500000000000D-01  0.31250000000000D+00  0.62500000000000D-01
            0.62500000000000D-01  0.43750000000000D+00  0.62500000000000D-01
            0.18750000000000D+00  0.43750000000000D+00  0.62500000000000D-01
            0.31250000000000D+00  0.43750000000000D+00  0.62500000000000D-01
            0.43750000000000D+00  0.43750000000000D+00  0.62500000000000D-01
           -0.43750000000000D+00  0.43750000000000D+00  0.62500000000000D-01
           -0.31250000000000D+00  0.43750000000000D+00  0.62500000000000D-01
           -0.18750000000000D+00  0.43750000000000D+00  0.62500000000000D-01
           -0.62500000000000D-01  0.43750000000000D+00  0.62500000000000D-01
            0.62500000000000D-01 -0.43750000000000D+00  0.62500000000000D-01
            0.18750000000000D+00 -0.43750000000000D+00  0.62500000000000D-01
            0.31250000000000D+00 -0.43750000000000D+00  0.62500000000000D-01
            0.43750000000000D+00 -0.43750000000000D+00  0.62500000000000D-01
           -0.43750000000000D+00 -0.43750000000000D+00  0.62500000000000D-01
           -0.31250000000000D+00 -0.43750000000000D+00  0.62500000000000D-01
           -0.18750000000000D+00 -0.43750000000000D+00  0.62500000000000D-01
           -0.62500000000000D-01 -0.43750000000000D+00  0.62500000000000D-01
            0.62500000000000D-01 -0.31250000000000D+00  0.62500000000000D-01
            0.18750000000000D+00 -0.31250000000000D+00  0.62500000000000D-01
            0.31250000000000D+00 -0.31250000000000D+00  0.62500000000000D-01
            0.43750000000000D+00 -0.31250000000000D+00  0.62500000000000D-01
           -0.43750000000000D+00 -0.31250000000000D+00  0.62500000000000D-01
           -0.31250000000000D+00 -0.31250000000000D+00  0.62500000000000D-01
           -0.18750000000000D+00 -0.31250000000000D+00  0.62500000000000D-01
           -0.62500000000000D-01 -0.31250000000000D+00  0.62500000000000D-01
            0.62500000000000D-01 -0.18750000000000D+00  0.62500000000000D-01
            0.18750000000000D+00 -0.18750000000000D+00  0.62500000000000D-01
            0.31250000000000D+00 -0.18750000000000D+00  0.62500000000000D-01
            0.43750000000000D+00 -0.18750000000000D+00  0.62500000000000D-01
           -0.43750000000000D+00 -0.18750000000000D+00  0.62500000000000D-01
           -0.31250000000000D+00 -0.18750000000000D+00  0.62500000000000D-01
           -0.18750000000000D+00 -0.18750000000000D+00  0.62500000000000D-01
           -0.62500000000000D-01 -0.18750000000000D+00  0.62500000000000D-01
            0.62500000000000D-01 -0.62500000000000D-01  0.62500000000000D-01
            0.18750000000000D+00 -0.62500000000000D-01  0.62500000000000D-01
            0.31250000000000D+00 -0.62500000000000D-01  0.62500000000000D-01
            0.43750000000000D+00 -0.62500000000000D-01  0.62500000000000D-01
           -0.43750000000000D+00 -0.62500000000000D-01  0.62500000000000D-01
           -0.31250000000000D+00 -0.62500000000000D-01  0.62500000000000D-01
           -0.18750000000000D+00 -0.62500000000000D-01  0.62500000000000D-01
           -0.62500000000000D-01 -0.62500000000000D-01  0.62500000000000D-01
            0.62500000000000D-01  0.62500000000000D-01  0.18750000000000D+00
            0.18750000000000D+00  0.62500000000000D-01  0.18750000000000D+00
            0.31250000000000D+00  0.62500000000000D-01  0.18750000000000D+00
            0.43750000000000D+00  0.62500000000000D-01  0.18750000000000D+00
           -0.43750000000000D+00  0.62500000000000D-01  0.18750000000000D+00
           -0.31250000000000D+00  0.62500000000000D-01  0.18750000000000D+00
           -0.18750000000000D+00  0.62500000000000D-01  0.18750000000000D+00
           -0.62500000000000D-01  0.62500000000000D-01  0.18750000000000D+00
            0.62500000000000D-01  0.18750000000000D+00  0.18750000000000D+00
            0.18750000000000D+00  0.18750000000000D+00  0.18750000000000D+00
            0.31250000000000D+00  0.18750000000000D+00  0.18750000000000D+00
            0.43750000000000D+00  0.18750000000000D+00  0.18750000000000D+00
           -0.43750000000000D+00  0.18750000000000D+00  0.18750000000000D+00
           -0.31250000000000D+00  0.18750000000000D+00  0.18750000000000D+00
           -0.18750000000000D+00  0.18750000000000D+00  0.18750000000000D+00
           -0.62500000000000D-01  0.18750000000000D+00  0.18750000000000D+00
            0.62500000000000D-01  0.31250000000000D+00  0.18750000000000D+00
            0.18750000000000D+00  0.31250000000000D+00  0.18750000000000D+00
            0.31250000000000D+00  0.31250000000000D+00  0.18750000000000D+00
            0.43750000000000D+00  0.31250000000000D+00  0.18750000000000D+00
           -0.43750000000000D+00  0.31250000000000D+00  0.18750000000000D+00
           -0.31250000000000D+00  0.31250000000000D+00  0.18750000000000D+00
           -0.18750000000000D+00  0.31250000000000D+00  0.18750000000000D+00
           -0.62500000000000D-01  0.31250000000000D+00  0.18750000000000D+00
            0.62500000000000D-01  0.43750000000000D+00  0.18750000000000D+00
            0.18750000000000D+00  0.43750000000000D+00  0.18750000000000D+00
            0.31250000000000D+00  0.43750000000000D+00  0.18750000000000D+00
            0.43750000000000D+00  0.43750000000000D+00  0.18750000000000D+00
           -0.43750000000000D+00  0.43750000000000D+00  0.18750000000000D+00
           -0.31250000000000D+00  0.43750000000000D+00  0.18750000000000D+00
           -0.18750000000000D+00  0.43750000000000D+00  0.18750000000000D+00
           -0.62500000000000D-01  0.43750000000000D+00  0.18750000000000D+00
            0.62500000000000D-01 -0.43750000000000D+00  0.18750000000000D+00
            0.18750000000000D+00 -0.43750000000000D+00  0.18750000000000D+00
            0.31250000000000D+00 -0.43750000000000D+00  0.18750000000000D+00
            0.43750000000000D+00 -0.43750000000000D+00  0.18750000000000D+00
           -0.43750000000000D+00 -0.43750000000000D+00  0.18750000000000D+00
           -0.31250000000000D+00 -0.43750000000000D+00  0.18750000000000D+00
           -0.18750000000000D+00 -0.43750000000000D+00  0.18750000000000D+00
           -0.62500000000000D-01 -0.43750000000000D+00  0.18750000000000D+00
            0.62500000000000D-01 -0.31250000000000D+00  0.18750000000000D+00
            0.18750000000000D+00 -0.31250000000000D+00  0.18750000000000D+00
            0.31250000000000D+00 -0.31250000000000D+00  0.18750000000000D+00
            0.43750000000000D+00 -0.31250000000000D+00  0.18750000000000D+00
           -0.43750000000000D+00 -0.31250000000000D+00  0.18750000000000D+00
           -0.31250000000000D+00 -0.31250000000000D+00  0.18750000000000D+00
           -0.18750000000000D+00 -0.31250000000000D+00  0.18750000000000D+00
           -0.62500000000000D-01 -0.31250000000000D+00  0.18750000000000D+00
            0.62500000000000D-01 -0.18750000000000D+00  0.18750000000000D+00
            0.18750000000000D+00 -0.18750000000000D+00  0.18750000000000D+00
            0.31250000000000D+00 -0.18750000000000D+00  0.18750000000000D+00
            0.43750000000000D+00 -0.18750000000000D+00  0.18750000000000D+00
           -0.43750000000000D+00 -0.18750000000000D+00  0.18750000000000D+00
           -0.31250000000000D+00 -0.18750000000000D+00  0.18750000000000D+00
           -0.18750000000000D+00 -0.18750000000000D+00  0.18750000000000D+00
           -0.62500000000000D-01 -0.18750000000000D+00  0.18750000000000D+00
            0.62500000000000D-01 -0.62500000000000D-01  0.18750000000000D+00
            0.18750000000000D+00 -0.62500000000000D-01  0.18750000000000D+00
            0.31250000000000D+00 -0.62500000000000D-01  0.18750000000000D+00
            0.43750000000000D+00 -0.62500000000000D-01  0.18750000000000D+00
           -0.43750000000000D+00 -0.62500000000000D-01  0.18750000000000D+00
           -0.31250000000000D+00 -0.62500000000000D-01  0.18750000000000D+00
           -0.18750000000000D+00 -0.62500000000000D-01  0.18750000000000D+00
           -0.62500000000000D-01 -0.62500000000000D-01  0.18750000000000D+00
            0.62500000000000D-01  0.62500000000000D-01  0.31250000000000D+00
            0.18750000000000D+00  0.62500000000000D-01  0.31250000000000D+00
            0.31250000000000D+00  0.62500000000000D-01  0.31250000000000D+00
            0.43750000000000D+00  0.62500000000000D-01  0.31250000000000D+00
           -0.43750000000000D+00  0.62500000000000D-01  0.31250000000000D+00
           -0.31250000000000D+00  0.62500000000000D-01  0.31250000000000D+00
           -0.18750000000000D+00  0.62500000000000D-01  0.31250000000000D+00
           -0.62500000000000D-01  0.62500000000000D-01  0.31250000000000D+00
            0.62500000000000D-01  0.18750000000000D+00  0.31250000000000D+00
            0.18750000000000D+00  0.18750000000000D+00  0.31250000000000D+00
            0.31250000000000D+00  0.18750000000000D+00  0.31250000000000D+00
            0.43750000000000D+00  0.18750000000000D+00  0.31250000000000D+00
           -0.43750000000000D+00  0.18750000000000D+00  0.31250000000000D+00
           -0.31250000000000D+00  0.18750000000000D+00  0.31250000000000D+00
           -0.18750000000000D+00  0.18750000000000D+00  0.31250000000000D+00
           -0.62500000000000D-01  0.18750000000000D+00  0.31250000000000D+00
            0.62500000000000D-01  0.31250000000000D+00  0.31250000000000D+00
            0.18750000000000D+00  0.31250000000000D+00  0.31250000000000D+00
            0.31250000000000D+00  0.31250000000000D+00  0.31250000000000D+00
            0.43750000000000D+00  0.31250000000000D+00  0.31250000000000D+00
           -0.43750000000000D+00  0.31250000000000D+00  0.31250000000000D+00
           -0.31250000000000D+00  0.31250000000000D+00  0.31250000000000D+00
           -0.18750000000000D+00  0.31250000000000D+00  0.31250000000000D+00
           -0.62500000000000D-01  0.31250000000000D+00  0.31250000000000D+00
            0.62500000000000D-01  0.43750000000000D+00  0.31250000000000D+00
            0.18750000000000D+00  0.43750000000000D+00  0.31250000000000D+00
            0.31250000000000D+00  0.43750000000000D+00  0.31250000000000D+00
            0.43750000000000D+00  0.43750000000000D+00  0.31250000000000D+00
           -0.43750000000000D+00  0.43750000000000D+00  0.31250000000000D+00
           -0.31250000000000D+00  0.43750000000000D+00  0.31250000000000D+00
           -0.18750000000000D+00  0.43750000000000D+00  0.31250000000000D+00
           -0.62500000000000D-01  0.43750000000000D+00  0.31250000000000D+00
            0.62500000000000D-01 -0.43750000000000D+00  0.31250000000000D+00
            0.18750000000000D+00 -0.43750000000000D+00  0.31250000000000D+00
            0.31250000000000D+00 -0.43750000000000D+00  0.31250000000000D+00
            0.43750000000000D+00 -0.43750000000000D+00  0.31250000000000D+00
           -0.43750000000000D+00 -0.43750000000000D+00  0.31250000000000D+00
           -0.31250000000000D+00 -0.43750000000000D+00  0.31250000000000D+00
           -0.18750000000000D+00 -0.43750000000000D+00  0.31250000000000D+00
           -0.62500000000000D-01 -0.43750000000000D+00  0.31250000000000D+00
            0.62500000000000D-01 -0.31250000000000D+00  0.31250000000000D+00
            0.18750000000000D+00 -0.31250000000000D+00  0.31250000000000D+00
            0.31250000000000D+00 -0.31250000000000D+00  0.31250000000000D+00
            0.43750000000000D+00 -0.31250000000000D+00  0.31250000000000D+00
           -0.43750000000000D+00 -0.31250000000000D+00  0.31250000000000D+00
           -0.31250000000000D+00 -0.31250000000000D+00  0.31250000000000D+00
           -0.18750000000000D+00 -0.31250000000000D+00  0.31250000000000D+00
           -0.62500000000000D-01 -0.31250000000000D+00  0.31250000000000D+00
            0.62500000000000D-01 -0.18750000000000D+00  0.31250000000000D+00
            0.18750000000000D+00 -0.18750000000000D+00  0.31250000000000D+00
            0.31250000000000D+00 -0.18750000000000D+00  0.31250000000000D+00
            0.43750000000000D+00 -0.18750000000000D+00  0.31250000000000D+00
           -0.43750000000000D+00 -0.18750000000000D+00  0.31250000000000D+00
           -0.31250000000000D+00 -0.18750000000000D+00  0.31250000000000D+00
           -0.18750000000000D+00 -0.18750000000000D+00  0.31250000000000D+00
           -0.62500000000000D-01 -0.18750000000000D+00  0.31250000000000D+00
            0.62500000000000D-01 -0.62500000000000D-01  0.31250000000000D+00
            0.18750000000000D+00 -0.62500000000000D-01  0.31250000000000D+00
            0.31250000000000D+00 -0.62500000000000D-01  0.31250000000000D+00
            0.43750000000000D+00 -0.62500000000000D-01  0.31250000000000D+00
           -0.43750000000000D+00 -0.62500000000000D-01  0.31250000000000D+00
           -0.31250000000000D+00 -0.62500000000000D-01  0.31250000000000D+00
           -0.18750000000000D+00 -0.62500000000000D-01  0.31250000000000D+00
           -0.62500000000000D-01 -0.62500000000000D-01  0.31250000000000D+00
            0.62500000000000D-01  0.62500000000000D-01  0.43750000000000D+00
            0.18750000000000D+00  0.62500000000000D-01  0.43750000000000D+00
            0.31250000000000D+00  0.62500000000000D-01  0.43750000000000D+00
            0.43750000000000D+00  0.62500000000000D-01  0.43750000000000D+00
           -0.43750000000000D+00  0.62500000000000D-01  0.43750000000000D+00
           -0.31250000000000D+00  0.62500000000000D-01  0.43750000000000D+00
           -0.18750000000000D+00  0.62500000000000D-01  0.43750000000000D+00
           -0.62500000000000D-01  0.62500000000000D-01  0.43750000000000D+00
            0.62500000000000D-01  0.18750000000000D+00  0.43750000000000D+00
            0.18750000000000D+00  0.18750000000000D+00  0.43750000000000D+00
            0.31250000000000D+00  0.18750000000000D+00  0.43750000000000D+00
            0.43750000000000D+00  0.18750000000000D+00  0.43750000000000D+00
           -0.43750000000000D+00  0.18750000000000D+00  0.43750000000000D+00
           -0.31250000000000D+00  0.18750000000000D+00  0.43750000000000D+00
           -0.18750000000000D+00  0.18750000000000D+00  0.43750000000000D+00
           -0.62500000000000D-01  0.18750000000000D+00  0.43750000000000D+00
            0.62500000000000D-01  0.31250000000000D+00  0.43750000000000D+00
            0.18750000000000D+00  0.31250000000000D+00  0.43750000000000D+00
            0.31250000000000D+00  0.31250000000000D+00  0.43750000000000D+00
            0.43750000000000D+00  0.31250000000000D+00  0.43750000000000D+00
           -0.43750000000000D+00  0.31250000000000D+00  0.43750000000000D+00
           -0.31250000000000D+00  0.31250000000000D+00  0.43750000000000D+00
           -0.18750000000000D+00  0.31250000000000D+00  0.43750000000000D+00
           -0.62500000000000D-01  0.31250000000000D+00  0.43750000000000D+00
            0.62500000000000D-01  0.43750000000000D+00  0.43750000000000D+00
            0.18750000000000D+00  0.43750000000000D+00  0.43750000000000D+00
            0.31250000000000D+00  0.43750000000000D+00  0.43750000000000D+00
            0.43750000000000D+00  0.43750000000000D+00  0.43750000000000D+00
           -0.43750000000000D+00  0.43750000000000D+00  0.43750000000000D+00
           -0.31250000000000D+00  0.43750000000000D+00  0.43750000000000D+00
           -0.18750000000000D+00  0.43750000000000D+00  0.43750000000000D+00
           -0.62500000000000D-01  0.43750000000000D+00  0.43750000000000D+00
            0.62500000000000D-01 -0.43750000000000D+00  0.43750000000000D+00
            0.18750000000000D+00 -0.43750000000000D+00  0.43750000000000D+00
            0.31250000000000D+00 -0.43750000000000D+00  0.43750000000000D+00
            0.43750000000000D+00 -0.43750000000000D+00  0.43750000000000D+00
           -0.43750000000000D+00 -0.43750000000000D+00  0.43750000000000D+00
           -0.31250000000000D+00 -0.43750000000000D+00  0.43750000000000D+00
           -0.18750000000000D+00 -0.43750000000000D+00  0.43750000000000D+00
           -0.62500000000000D-01 -0.43750000000000D+00  0.43750000000000D+00
            0.62500000000000D-01 -0.31250000000000D+00  0.43750000000000D+00
            0.18750000000000D+00 -0.31250000000000D+00  0.43750000000000D+00
            0.31250000000000D+00 -0.31250000000000D+00  0.43750000000000D+00
            0.43750000000000D+00 -0.31250000000000D+00  0.43750000000000D+00
           -0.43750000000000D+00 -0.31250000000000D+00  0.43750000000000D+00
           -0.31250000000000D+00 -0.31250000000000D+00  0.43750000000000D+00
           -0.18750000000000D+00 -0.31250000000000D+00  0.43750000000000D+00
           -0.62500000000000D-01 -0.31250000000000D+00  0.43750000000000D+00
            0.62500000000000D-01 -0.18750000000000D+00  0.43750000000000D+00
            0.18750000000000D+00 -0.18750000000000D+00  0.43750000000000D+00
            0.31250000000000D+00 -0.18750000000000D+00  0.43750000000000D+00
            0.43750000000000D+00 -0.18750000000000D+00  0.43750000000000D+00
           -0.43750000000000D+00 -0.18750000000000D+00  0.43750000000000D+00
           -0.31250000000000D+00 -0.18750000000000D+00  0.43750000000000D+00
           -0.18750000000000D+00 -0.18750000000000D+00  0.43750000000000D+00
           -0.62500000000000D-01 -0.18750000000000D+00  0.43750000000000D+00
            0.62500000000000D-01 -0.62500000000000D-01  0.43750000000000D+00
            0.18750000000000D+00 -0.62500000000000D-01  0.43750000000000D+00
            0.31250000000000D+00 -0.62500000000000D-01  0.43750000000000D+00
            0.43750000000000D+00 -0.62500000000000D-01  0.43750000000000D+00
           -0.43750000000000D+00 -0.62500000000000D-01  0.43750000000000D+00
           -0.31250000000000D+00 -0.62500000000000D-01  0.43750000000000D+00
           -0.18750000000000D+00 -0.62500000000000D-01  0.43750000000000D+00
           -0.62500000000000D-01 -0.62500000000000D-01  0.43750000000000D+00
            0.62500000000000D-01  0.62500000000000D-01 -0.43750000000000D+00
            0.18750000000000D+00  0.62500000000000D-01 -0.43750000000000D+00
            0.31250000000000D+00  0.62500000000000D-01 -0.43750000000000D+00
            0.43750000000000D+00  0.62500000000000D-01 -0.43750000000000D+00
           -0.43750000000000D+00  0.62500000000000D-01 -0.43750000000000D+00
           -0.31250000000000D+00  0.62500000000000D-01 -0.43750000000000D+00
           -0.18750000000000D+00  0.62500000000000D-01 -0.43750000000000D+00
           -0.62500000000000D-01  0.62500000000000D-01 -0.43750000000000D+00
            0.62500000000000D-01  0.18750000000000D+00 -0.43750000000000D+00
            0.18750000000000D+00  0.18750000000000D+00 -0.43750000000000D+00
            0.31250000000000D+00  0.18750000000000D+00 -0.43750000000000D+00
            0.43750000000000D+00  0.18750000000000D+00 -0.43750000000000D+00
           -0.43750000000000D+00  0.18750000000000D+00 -0.43750000000000D+00
           -0.31250000000000D+00  0.18750000000000D+00 -0.43750000000000D+00
           -0.18750000000000D+00  0.18750000000000D+00 -0.43750000000000D+00
           -0.62500000000000D-01  0.18750000000000D+00 -0.43750000000000D+00
            0.62500000000000D-01  0.31250000000000D+00 -0.43750000000000D+00
            0.18750000000000D+00  0.31250000000000D+00 -0.43750000000000D+00
            0.31250000000000D+00  0.31250000000000D+00 -0.43750000000000D+00
            0.43750000000000D+00  0.31250000000000D+00 -0.43750000000000D+00
           -0.43750000000000D+00  0.31250000000000D+00 -0.43750000000000D+00
           -0.31250000000000D+00  0.31250000000000D+00 -0.43750000000000D+00
           -0.18750000000000D+00  0.31250000000000D+00 -0.43750000000000D+00
           -0.62500000000000D-01  0.31250000000000D+00 -0.43750000000000D+00
            0.62500000000000D-01  0.43750000000000D+00 -0.43750000000000D+00
            0.18750000000000D+00  0.43750000000000D+00 -0.43750000000000D+00
            0.31250000000000D+00  0.43750000000000D+00 -0.43750000000000D+00
            0.43750000000000D+00  0.43750000000000D+00 -0.43750000000000D+00
           -0.43750000000000D+00  0.43750000000000D+00 -0.43750000000000D+00
           -0.31250000000000D+00  0.43750000000000D+00 -0.43750000000000D+00
           -0.18750000000000D+00  0.43750000000000D+00 -0.43750000000000D+00
           -0.62500000000000D-01  0.43750000000000D+00 -0.43750000000000D+00
            0.62500000000000D-01 -0.43750000000000D+00 -0.43750000000000D+00
            0.18750000000000D+00 -0.43750000000000D+00 -0.43750000000000D+00
            0.31250000000000D+00 -0.43750000000000D+00 -0.43750000000000D+00
            0.43750000000000D+00 -0.43750000000000D+00 -0.43750000000000D+00
           -0.43750000000000D+00 -0.43750000000000D+00 -0.43750000000000D+00
           -0.31250000000000D+00 -0.43750000000000D+00 -0.43750000000000D+00
           -0.18750000000000D+00 -0.43750000000000D+00 -0.43750000000000D+00
           -0.62500000000000D-01 -0.43750000000000D+00 -0.43750000000000D+00
            0.62500000000000D-01 -0.31250000000000D+00 -0.43750000000000D+00
            0.18750000000000D+00 -0.31250000000000D+00 -0.43750000000000D+00
            0.31250000000000D+00 -0.31250000000000D+00 -0.43750000000000D+00
            0.43750000000000D+00 -0.31250000000000D+00 -0.43750000000000D+00
           -0.43750000000000D+00 -0.31250000000000D+00 -0.43750000000000D+00
           -0.31250000000000D+00 -0.31250000000000D+00 -0.43750000000000D+00
           -0.18750000000000D+00 -0.31250000000000D+00 -0.43750000000000D+00
           -0.62500000000000D-01 -0.31250000000000D+00 -0.43750000000000D+00
            0.62500000000000D-01 -0.18750000000000D+00 -0.43750000000000D+00
            0.18750000000000D+00 -0.18750000000000D+00 -0.43750000000000D+00
            0.31250000000000D+00 -0.18750000000000D+00 -0.43750000000000D+00
            0.43750000000000D+00 -0.18750000000000D+00 -0.43750000000000D+00
           -0.43750000000000D+00 -0.18750000000000D+00 -0.43750000000000D+00
           -0.31250000000000D+00 -0.18750000000000D+00 -0.43750000000000D+00
           -0.18750000000000D+00 -0.18750000000000D+00 -0.43750000000000D+00
           -0.62500000000000D-01 -0.18750000000000D+00 -0.43750000000000D+00
            0.62500000000000D-01 -0.62500000000000D-01 -0.43750000000000D+00
            0.18750000000000D+00 -0.62500000000000D-01 -0.43750000000000D+00
            0.31250000000000D+00 -0.62500000000000D-01 -0.43750000000000D+00
            0.43750000000000D+00 -0.62500000000000D-01 -0.43750000000000D+00
           -0.43750000000000D+00 -0.62500000000000D-01 -0.43750000000000D+00
           -0.31250000000000D+00 -0.62500000000000D-01 -0.43750000000000D+00
           -0.18750000000000D+00 -0.62500000000000D-01 -0.43750000000000D+00
           -0.62500000000000D-01 -0.62500000000000D-01 -0.43750000000000D+00
            0.62500000000000D-01  0.62500000000000D-01 -0.31250000000000D+00
            0.18750000000000D+00  0.62500000000000D-01 -0.31250000000000D+00
            0.31250000000000D+00  0.62500000000000D-01 -0.31250000000000D+00
            0.43750000000000D+00  0.62500000000000D-01 -0.31250000000000D+00
           -0.43750000000000D+00  0.62500000000000D-01 -0.31250000000000D+00
           -0.31250000000000D+00  0.62500000000000D-01 -0.31250000000000D+00
           -0.18750000000000D+00  0.62500000000000D-01 -0.31250000000000D+00
           -0.62500000000000D-01  0.62500000000000D-01 -0.31250000000000D+00
            0.62500000000000D-01  0.18750000000000D+00 -0.31250000000000D+00
            0.18750000000000D+00  0.18750000000000D+00 -0.31250000000000D+00
            0.31250000000000D+00  0.18750000000000D+00 -0.31250000000000D+00
            0.43750000000000D+00  0.18750000000000D+00 -0.31250000000000D+00
           -0.43750000000000D+00  0.18750000000000D+00 -0.31250000000000D+00
           -0.31250000000000D+00  0.18750000000000D+00 -0.31250000000000D+00
           -0.18750000000000D+00  0.18750000000000D+00 -0.31250000000000D+00
           -0.62500000000000D-01  0.18750000000000D+00 -0.31250000000000D+00
            0.62500000000000D-01  0.31250000000000D+00 -0.31250000000000D+00
            0.18750000000000D+00  0.31250000000000D+00 -0.31250000000000D+00
            0.31250000000000D+00  0.31250000000000D+00 -0.31250000000000D+00
            0.43750000000000D+00  0.31250000000000D+00 -0.31250000000000D+00
           -0.43750000000000D+00  0.31250000000000D+00 -0.31250000000000D+00
           -0.31250000000000D+00  0.31250000000000D+00 -0.31250000000000D+00
           -0.18750000000000D+00  0.31250000000000D+00 -0.31250000000000D+00
           -0.62500000000000D-01  0.31250000000000D+00 -0.31250000000000D+00
            0.62500000000000D-01  0.43750000000000D+00 -0.31250000000000D+00
            0.18750000000000D+00  0.43750000000000D+00 -0.31250000000000D+00
            0.31250000000000D+00  0.43750000000000D+00 -0.31250000000000D+00
            0.43750000000000D+00  0.43750000000000D+00 -0.31250000000000D+00
           -0.43750000000000D+00  0.43750000000000D+00 -0.31250000000000D+00
           -0.31250000000000D+00  0.43750000000000D+00 -0.31250000000000D+00
           -0.18750000000000D+00  0.43750000000000D+00 -0.31250000000000D+00
           -0.62500000000000D-01  0.43750000000000D+00 -0.31250000000000D+00
            0.62500000000000D-01 -0.43750000000000D+00 -0.31250000000000D+00
            0.18750000000000D+00 -0.43750000000000D+00 -0.31250000000000D+00
            0.31250000000000D+00 -0.43750000000000D+00 -0.31250000000000D+00
            0.43750000000000D+00 -0.43750000000000D+00 -0.31250000000000D+00
           -0.43750000000000D+00 -0.43750000000000D+00 -0.31250000000000D+00
           -0.31250000000000D+00 -0.43750000000000D+00 -0.31250000000000D+00
           -0.18750000000000D+00 -0.43750000000000D+00 -0.31250000000000D+00
           -0.62500000000000D-01 -0.43750000000000D+00 -0.31250000000000D+00
            0.62500000000000D-01 -0.31250000000000D+00 -0.31250000000000D+00
            0.18750000000000D+00 -0.31250000000000D+00 -0.31250000000000D+00
            0.31250000000000D+00 -0.31250000000000D+00 -0.31250000000000D+00
            0.43750000000000D+00 -0.31250000000000D+00 -0.31250000000000D+00
           -0.43750000000000D+00 -0.31250000000000D+00 -0.31250000000000D+00
           -0.31250000000000D+00 -0.31250000000000D+00 -0.31250000000000D+00
           -0.18750000000000D+00 -0.31250000000000D+00 -0.31250000000000D+00
           -0.62500000000000D-01 -0.31250000000000D+00 -0.31250000000000D+00
            0.62500000000000D-01 -0.18750000000000D+00 -0.31250000000000D+00
            0.18750000000000D+00 -0.18750000000000D+00 -0.31250000000000D+00
            0.31250000000000D+00 -0.18750000000000D+00 -0.31250000000000D+00
            0.43750000000000D+00 -0.18750000000000D+00 -0.31250000000000D+00
           -0.43750000000000D+00 -0.18750000000000D+00 -0.31250000000000D+00
           -0.31250000000000D+00 -0.18750000000000D+00 -0.31250000000000D+00
           -0.18750000000000D+00 -0.18750000000000D+00 -0.31250000000000D+00
           -0.62500000000000D-01 -0.18750000000000D+00 -0.31250000000000D+00
            0.62500000000000D-01 -0.62500000000000D-01 -0.31250000000000D+00
            0.18750000000000D+00 -0.62500000000000D-01 -0.31250000000000D+00
            0.31250000000000D+00 -0.62500000000000D-01 -0.31250000000000D+00
            0.43750000000000D+00 -0.62500000000000D-01 -0.31250000000000D+00
           -0.43750000000000D+00 -0.62500000000000D-01 -0.31250000000000D+00
           -0.31250000000000D+00 -0.62500000000000D-01 -0.31250000000000D+00
           -0.18750000000000D+00 -0.62500000000000D-01 -0.31250000000000D+00
           -0.62500000000000D-01 -0.62500000000000D-01 -0.31250000000000D+00
            0.62500000000000D-01  0.62500000000000D-01 -0.18750000000000D+00
            0.18750000000000D+00  0.62500000000000D-01 -0.18750000000000D+00
            0.31250000000000D+00  0.62500000000000D-01 -0.18750000000000D+00
            0.43750000000000D+00  0.62500000000000D-01 -0.18750000000000D+00
           -0.43750000000000D+00  0.62500000000000D-01 -0.18750000000000D+00
           -0.31250000000000D+00  0.62500000000000D-01 -0.18750000000000D+00
           -0.18750000000000D+00  0.62500000000000D-01 -0.18750000000000D+00
           -0.62500000000000D-01  0.62500000000000D-01 -0.18750000000000D+00
            0.62500000000000D-01  0.18750000000000D+00 -0.18750000000000D+00
            0.18750000000000D+00  0.18750000000000D+00 -0.18750000000000D+00
            0.31250000000000D+00  0.18750000000000D+00 -0.18750000000000D+00
            0.43750000000000D+00  0.18750000000000D+00 -0.18750000000000D+00
           -0.43750000000000D+00  0.18750000000000D+00 -0.18750000000000D+00
           -0.31250000000000D+00  0.18750000000000D+00 -0.18750000000000D+00
           -0.18750000000000D+00  0.18750000000000D+00 -0.18750000000000D+00
           -0.62500000000000D-01  0.18750000000000D+00 -0.18750000000000D+00
            0.62500000000000D-01  0.31250000000000D+00 -0.18750000000000D+00
            0.18750000000000D+00  0.31250000000000D+00 -0.18750000000000D+00
            0.31250000000000D+00  0.31250000000000D+00 -0.18750000000000D+00
            0.43750000000000D+00  0.31250000000000D+00 -0.18750000000000D+00
           -0.43750000000000D+00  0.31250000000000D+00 -0.18750000000000D+00
           -0.31250000000000D+00  0.31250000000000D+00 -0.18750000000000D+00
           -0.18750000000000D+00  0.31250000000000D+00 -0.18750000000000D+00
           -0.62500000000000D-01  0.31250000000000D+00 -0.18750000000000D+00
            0.62500000000000D-01  0.43750000000000D+00 -0.18750000000000D+00
            0.18750000000000D+00  0.43750000000000D+00 -0.18750000000000D+00
            0.31250000000000D+00  0.43750000000000D+00 -0.18750000000000D+00
            0.43750000000000D+00  0.43750000000000D+00 -0.18750000000000D+00
           -0.43750000000000D+00  0.43750000000000D+00 -0.18750000000000D+00
           -0.31250000000000D+00  0.43750000000000D+00 -0.18750000000000D+00
           -0.18750000000000D+00  0.43750000000000D+00 -0.18750000000000D+00
           -0.62500000000000D-01  0.43750000000000D+00 -0.18750000000000D+00
            0.62500000000000D-01 -0.43750000000000D+00 -0.18750000000000D+00
            0.18750000000000D+00 -0.43750000000000D+00 -0.18750000000000D+00
            0.31250000000000D+00 -0.43750000000000D+00 -0.18750000000000D+00
            0.43750000000000D+00 -0.43750000000000D+00 -0.18750000000000D+00
           -0.43750000000000D+00 -0.43750000000000D+00 -0.18750000000000D+00
           -0.31250000000000D+00 -0.43750000000000D+00 -0.18750000000000D+00
           -0.18750000000000D+00 -0.43750000000000D+00 -0.18750000000000D+00
           -0.62500000000000D-01 -0.43750000000000D+00 -0.18750000000000D+00
            0.62500000000000D-01 -0.31250000000000D+00 -0.18750000000000D+00
            0.18750000000000D+00 -0.31250000000000D+00 -0.18750000000000D+00
            0.31250000000000D+00 -0.31250000000000D+00 -0.18750000000000D+00
            0.43750000000000D+00 -0.31250000000000D+00 -0.18750000000000D+00
           -0.43750000000000D+00 -0.31250000000000D+00 -0.18750000000000D+00
           -0.31250000000000D+00 -0.31250000000000D+00 -0.18750000000000D+00
           -0.18750000000000D+00 -0.31250000000000D+00 -0.18750000000000D+00
           -0.62500000000000D-01 -0.31250000000000D+00 -0.18750000000000D+00
            0.62500000000000D-01 -0.18750000000000D+00 -0.18750000000000D+00
            0.18750000000000D+00 -0.18750000000000D+00 -0.18750000000000D+00
            0.31250000000000D+00 -0.18750000000000D+00 -0.18750000000000D+00
            0.43750000000000D+00 -0.18750000000000D+00 -0.18750000000000D+00
           -0.43750000000000D+00 -0.18750000000000D+00 -0.18750000000000D+00
           -0.31250000000000D+00 -0.18750000000000D+00 -0.18750000000000D+00
           -0.18750000000000D+00 -0.18750000000000D+00 -0.18750000000000D+00
           -0.62500000000000D-01 -0.18750000000000D+00 -0.18750000000000D+00
            0.62500000000000D-01 -0.62500000000000D-01 -0.18750000000000D+00
            0.18750000000000D+00 -0.62500000000000D-01 -0.18750000000000D+00
            0.31250000000000D+00 -0.62500000000000D-01 -0.18750000000000D+00
            0.43750000000000D+00 -0.62500000000000D-01 -0.18750000000000D+00
           -0.43750000000000D+00 -0.62500000000000D-01 -0.18750000000000D+00
           -0.31250000000000D+00 -0.62500000000000D-01 -0.18750000000000D+00
           -0.18750000000000D+00 -0.62500000000000D-01 -0.18750000000000D+00
           -0.62500000000000D-01 -0.62500000000000D-01 -0.18750000000000D+00
            0.62500000000000D-01  0.62500000000000D-01 -0.62500000000000D-01
            0.18750000000000D+00  0.62500000000000D-01 -0.62500000000000D-01
            0.31250000000000D+00  0.62500000000000D-01 -0.62500000000000D-01
            0.43750000000000D+00  0.62500000000000D-01 -0.62500000000000D-01
           -0.43750000000000D+00  0.62500000000000D-01 -0.62500000000000D-01
           -0.31250000000000D+00  0.62500000000000D-01 -0.62500000000000D-01
           -0.18750000000000D+00  0.62500000000000D-01 -0.62500000000000D-01
           -0.62500000000000D-01  0.62500000000000D-01 -0.62500000000000D-01
            0.62500000000000D-01  0.18750000000000D+00 -0.62500000000000D-01
            0.18750000000000D+00  0.18750000000000D+00 -0.62500000000000D-01
            0.31250000000000D+00  0.18750000000000D+00 -0.62500000000000D-01
            0.43750000000000D+00  0.18750000000000D+00 -0.62500000000000D-01
           -0.43750000000000D+00  0.18750000000000D+00 -0.62500000000000D-01
           -0.31250000000000D+00  0.18750000000000D+00 -0.62500000000000D-01
           -0.18750000000000D+00  0.18750000000000D+00 -0.62500000000000D-01
           -0.62500000000000D-01  0.18750000000000D+00 -0.62500000000000D-01
            0.62500000000000D-01  0.31250000000000D+00 -0.62500000000000D-01
            0.18750000000000D+00  0.31250000000000D+00 -0.62500000000000D-01
            0.31250000000000D+00  0.31250000000000D+00 -0.62500000000000D-01
            0.43750000000000D+00  0.31250000000000D+00 -0.62500000000000D-01
           -0.43750000000000D+00  0.31250000000000D+00 -0.62500000000000D-01
           -0.31250000000000D+00  0.31250000000000D+00 -0.62500000000000D-01
           -0.18750000000000D+00  0.31250000000000D+00 -0.62500000000000D-01
           -0.62500000000000D-01  0.31250000000000D+00 -0.62500000000000D-01
            0.62500000000000D-01  0.43750000000000D+00 -0.62500000000000D-01
            0.18750000000000D+00  0.43750000000000D+00 -0.62500000000000D-01
            0.31250000000000D+00  0.43750000000000D+00 -0.62500000000000D-01
            0.43750000000000D+00  0.43750000000000D+00 -0.62500000000000D-01
           -0.43750000000000D+00  0.43750000000000D+00 -0.62500000000000D-01
           -0.31250000000000D+00  0.43750000000000D+00 -0.62500000000000D-01
           -0.18750000000000D+00  0.43750000000000D+00 -0.62500000000000D-01
           -0.62500000000000D-01  0.43750000000000D+00 -0.62500000000000D-01
            0.62500000000000D-01 -0.43750000000000D+00 -0.62500000000000D-01
            0.18750000000000D+00 -0.43750000000000D+00 -0.62500000000000D-01
            0.31250000000000D+00 -0.43750000000000D+00 -0.62500000000000D-01
            0.43750000000000D+00 -0.43750000000000D+00 -0.62500000000000D-01
           -0.43750000000000D+00 -0.43750000000000D+00 -0.62500000000000D-01
           -0.31250000000000D+00 -0.43750000000000D+00 -0.62500000000000D-01
           -0.18750000000000D+00 -0.43750000000000D+00 -0.62500000000000D-01
           -0.62500000000000D-01 -0.43750000000000D+00 -0.62500000000000D-01
            0.62500000000000D-01 -0.31250000000000D+00 -0.62500000000000D-01
            0.18750000000000D+00 -0.31250000000000D+00 -0.62500000000000D-01
            0.31250000000000D+00 -0.31250000000000D+00 -0.62500000000000D-01
            0.43750000000000D+00 -0.31250000000000D+00 -0.62500000000000D-01
           -0.43750000000000D+00 -0.31250000000000D+00 -0.62500000000000D-01
           -0.31250000000000D+00 -0.31250000000000D+00 -0.62500000000000D-01
           -0.18750000000000D+00 -0.31250000000000D+00 -0.62500000000000D-01
           -0.62500000000000D-01 -0.31250000000000D+00 -0.62500000000000D-01
            0.62500000000000D-01 -0.18750000000000D+00 -0.62500000000000D-01
            0.18750000000000D+00 -0.18750000000000D+00 -0.62500000000000D-01
            0.31250000000000D+00 -0.18750000000000D+00 -0.62500000000000D-01
            0.43750000000000D+00 -0.18750000000000D+00 -0.62500000000000D-01
           -0.43750000000000D+00 -0.18750000000000D+00 -0.62500000000000D-01
           -0.31250000000000D+00 -0.18750000000000D+00 -0.62500000000000D-01
           -0.18750000000000D+00 -0.18750000000000D+00 -0.62500000000000D-01
           -0.62500000000000D-01 -0.18750000000000D+00 -0.62500000000000D-01
            0.62500000000000D-01 -0.62500000000000D-01 -0.62500000000000D-01
            0.18750000000000D+00 -0.62500000000000D-01 -0.62500000000000D-01
            0.31250000000000D+00 -0.62500000000000D-01 -0.62500000000000D-01
            0.43750000000000D+00 -0.62500000000000D-01 -0.62500000000000D-01
           -0.43750000000000D+00 -0.62500000000000D-01 -0.62500000000000D-01
           -0.31250000000000D+00 -0.62500000000000D-01 -0.62500000000000D-01
           -0.18750000000000D+00 -0.62500000000000D-01 -0.62500000000000D-01
           -0.62500000000000D-01 -0.62500000000000D-01 -0.62500000000000D-01
    kptnrm  0.10000000000000D+01
     ngfft        45   45   45
    nspden         1
   nspinor         1
       occ  0.20000000000000D+01  0.20000000000000D+01  0.20000000000000D+01
            0.20000000000000D+01  0.20000000000000D+01  0.20000000000000D+01
            0.20000000000000D+01  0.20000000000000D+01  0.20000000000000D+01
            0.20000000000000D+01  0.20000000000000D+01  0.20000000000000D+01
            0.20000000000000D+01  0.20000000000000D+01  0.20000000000000D+01
            0.20000000000000D+01  0.20000000000000D+01  0.20000000000000D+01
            0.20000000000000D+01  0.20000000000000D+01
     rprim  0.10000000000000D+01  0.00000000000000D+00  0.00000000000000D+00
            0.00000000000000D+00  0.10000000000000D+01  0.00000000000000D+00
            0.00000000000000D+00  0.00000000000000D+00  0.10000000000000D+01
     sciss  0.00000000000000D+00
    spinat  0.00000000000000D+00  0.00000000000000D+00  0.00000000000000D+00
            0.00000000000000D+00  0.00000000000000D+00  0.00000000000000D+00
            0.00000000000000D+00  0.00000000000000D+00  0.00000000000000D+00
            0.00000000000000D+00  0.00000000000000D+00  0.00000000000000D+00
            0.00000000000000D+00  0.00000000000000D+00  0.00000000000000D+00
    symafm         1    1    1    1    1    1    1    1    1    1    1    1
                   1    1    1    1    1    1    1    1    1    1    1    1
                   1    1    1    1    1    1    1    1    1    1    1    1
                   1    1    1    1    1    1    1    1    1    1    1    1
    symrel         1    0    0    0    1    0    0    0    1
                  -1    0    0    0   -1    0    0    0   -1
                  -1    0    0    0    1    0    0    0   -1
                   1    0    0    0   -1    0    0    0    1
                  -1    0    0    0   -1    0    0    0    1
                   1    0    0    0    1    0    0    0   -1
                   1    0    0    0   -1    0    0    0   -1
                  -1    0    0    0    1    0    0    0    1
                   0    1    0    1    0    0    0    0    1
                   0   -1    0   -1    0    0    0    0   -1
                   0   -1    0    1    0    0    0    0   -1
                   0    1    0   -1    0    0    0    0    1
                   0   -1    0   -1    0    0    0    0    1
                   0    1    0    1    0    0    0    0   -1
                   0    1    0   -1    0    0    0    0   -1
                   0   -1    0    1    0    0    0    0    1
                   0    0    1    1    0    0    0    1    0
                   0    0   -1   -1    0    0    0   -1    0
                   0    0   -1    1    0    0    0   -1    0
                   0    0    1   -1    0    0    0    1    0
                   0    0   -1   -1    0    0    0    1    0
                   0    0    1    1    0    0    0   -1    0
                   0    0    1   -1    0    0    0   -1    0
                   0    0   -1    1    0    0    0    1    0
                   1    0    0    0    0    1    0    1    0
                  -1    0    0    0    0   -1    0   -1    0
                  -1    0    0    0    0    1    0   -1    0
                   1    0    0    0    0   -1    0    1    0
                  -1    0    0    0    0   -1    0    1    0
                   1    0    0    0    0    1    0   -1    0
                   1    0    0    0    0   -1    0   -1    0
                  -1    0    0    0    0    1    0    1    0
                   0    1    0    0    0    1    1    0    0
                   0   -1    0    0    0   -1   -1    0    0
                   0   -1    0    0    0    1   -1    0    0
                   0    1    0    0    0   -1    1    0    0
                   0   -1    0    0    0   -1    1    0    0
                   0    1    0    0    0    1   -1    0    0
                   0    1    0    0    0   -1   -1    0    0
                   0   -1    0    0    0    1    1    0    0
                   0    0    1    0    1    0    1    0    0
                   0    0   -1    0   -1    0   -1    0    0
                   0    0   -1    0    1    0   -1    0    0
                   0    0    1    0   -1    0    1    0    0
                   0    0   -1    0   -1    0    1    0    0
                   0    0    1    0    1    0   -1    0    0
                   0    0    1    0   -1    0   -1    0    0
                   0    0   -1    0    1    0    1    0    0
     tnons  0.00000000000000D+00  0.00000000000000D+00  0.00000000000000D+00
            0.00000000000000D+00  0.00000000000000D+00  0.00000000000000D+00
            0.00000000000000D+00  0.00000000000000D+00  0.00000000000000D+00
            0.00000000000000D+00  0.00000000000000D+00  0.00000000000000D+00
            0.00000000000000D+00  0.00000000000000D+00  0.00000000000000D+00
            0.00000000000000D+00  0.00000000000000D+00  0.00000000000000D+00
            0.00000000000000D+00  0.00000000000000D+00  0.00000000000000D+00
            0.00000000000000D+00  0.00000000000000D+00  0.00000000000000D+00
            0.00000000000000D+00  0.00000000000000D+00  0.00000000000000D+00
            0.00000000000000D+00  0.00000000000000D+00  0.00000000000000D+00
            0.00000000000000D+00  0.00000000000000D+00  0.00000000000000D+00
            0.00000000000000D+00  0.00000000000000D+00  0.00000000000000D+00
            0.00000000000000D+00  0.00000000000000D+00  0.00000000000000D+00
            0.00000000000000D+00  0.00000000000000D+00  0.00000000000000D+00
            0.00000000000000D+00  0.00000000000000D+00  0.00000000000000D+00
            0.00000000000000D+00  0.00000000000000D+00  0.00000000000000D+00
            0.00000000000000D+00  0.00000000000000D+00  0.00000000000000D+00
            0.00000000000000D+00  0.00000000000000D+00  0.00000000000000D+00
            0.00000000000000D+00  0.00000000000000D+00  0.00000000000000D+00
            0.00000000000000D+00  0.00000000000000D+00  0.00000000000000D+00
            0.00000000000000D+00  0.00000000000000D+00  0.00000000000000D+00
            0.00000000000000D+00  0.00000000000000D+00  0.00000000000000D+00
            0.00000000000000D+00  0.00000000000000D+00  0.00000000000000D+00
            0.00000000000000D+00  0.00000000000000D+00  0.00000000000000D+00
            0.00000000000000D+00  0.00000000000000D+00  0.00000000000000D+00
            0.00000000000000D+00  0.00000000000000D+00  0.00000000000000D+00
            0.00000000000000D+00  0.00000000000000D+00  0.00000000000000D+00
            0.00000000000000D+00  0.00000000000000D+00  0.00000000000000D+00
            0.00000000000000D+00  0.00000000000000D+00  0.00000000000000D+00
            0.00000000000000D+00  0.00000000000000D+00  0.00000000000000D+00
            0.00000000000000D+00  0.00000000000000D+00  0.00000000000000D+00
            0.00000000000000D+00  0.00000000000000D+00  0.00000000000000D+00
            0.00000000000000D+00  0.00000000000000D+00  0.00000000000000D+00
            0.00000000000000D+00  0.00000000000000D+00  0.00000000000000D+00
            0.00000000000000D+00  0.00000000000000D+00  0.00000000000000D+00
            0.00000000000000D+00  0.00000000000000D+00  0.00000000000000D+00
            0.00000000000000D+00  0.00000000000000D+00  0.00000000000000D+00
            0.00000000000000D+00  0.00000000000000D+00  0.00000000000000D+00
            0.00000000000000D+00  0.00000000000000D+00  0.00000000000000D+00
            0.00000000000000D+00  0.00000000000000D+00  0.00000000000000D+00
            0.00000000000000D+00  0.00000000000000D+00  0.00000000000000D+00
            0.00000000000000D+00  0.00000000000000D+00  0.00000000000000D+00
            0.00000000000000D+00  0.00000000000000D+00  0.00000000000000D+00
            0.00000000000000D+00  0.00000000000000D+00  0.00000000000000D+00
            0.00000000000000D+00  0.00000000000000D+00  0.00000000000000D+00
            0.00000000000000D+00  0.00000000000000D+00  0.00000000000000D+00
            0.00000000000000D+00  0.00000000000000D+00  0.00000000000000D+00
            0.00000000000000D+00  0.00000000000000D+00  0.00000000000000D+00
    tolwfr  0.10000000000000D+01
   tphysel  0.00000000000000D+00
    tsmear  0.40000000000000D-01
     typat         1    2    3    3    3
       wtk  0.19531250000000D-02  0.19531250000000D-02  0.19531250000000D-02
            0.19531250000000D-02  0.19531250000000D-02  0.19531250000000D-02
            0.19531250000000D-02  0.19531250000000D-02  0.19531250000000D-02
            0.19531250000000D-02  0.19531250000000D-02  0.19531250000000D-02
            0.19531250000000D-02  0.19531250000000D-02  0.19531250000000D-02
            0.19531250000000D-02  0.19531250000000D-02  0.19531250000000D-02
            0.19531250000000D-02  0.19531250000000D-02  0.19531250000000D-02
            0.19531250000000D-02  0.19531250000000D-02  0.19531250000000D-02
            0.19531250000000D-02  0.19531250000000D-02  0.19531250000000D-02
            0.19531250000000D-02  0.19531250000000D-02  0.19531250000000D-02
            0.19531250000000D-02  0.19531250000000D-02  0.19531250000000D-02
            0.19531250000000D-02  0.19531250000000D-02  0.19531250000000D-02
            0.19531250000000D-02  0.19531250000000D-02  0.19531250000000D-02
            0.19531250000000D-02  0.19531250000000D-02  0.19531250000000D-02
            0.19531250000000D-02  0.19531250000000D-02  0.19531250000000D-02
            0.19531250000000D-02  0.19531250000000D-02  0.19531250000000D-02
            0.19531250000000D-02  0.19531250000000D-02  0.19531250000000D-02
            0.19531250000000D-02  0.19531250000000D-02  0.19531250000000D-02
            0.19531250000000D-02  0.19531250000000D-02  0.19531250000000D-02
            0.19531250000000D-02  0.19531250000000D-02  0.19531250000000D-02
            0.19531250000000D-02  0.19531250000000D-02  0.19531250000000D-02
            0.19531250000000D-02  0.19531250000000D-02  0.19531250000000D-02
            0.19531250000000D-02  0.19531250000000D-02  0.19531250000000D-02
            0.19531250000000D-02  0.19531250000000D-02  0.19531250000000D-02
            0.19531250000000D-02  0.19531250000000D-02  0.19531250000000D-02
            0.19531250000000D-02  0.19531250000000D-02  0.19531250000000D-02
            0.19531250000000D-02  0.19531250000000D-02  0.19531250000000D-02
            0.19531250000000D-02  0.19531250000000D-02  0.19531250000000D-02
            0.19531250000000D-02  0.19531250000000D-02  0.19531250000000D-02
            0.19531250000000D-02  0.19531250000000D-02  0.19531250000000D-02
            0.19531250000000D-02  0.19531250000000D-02  0.19531250000000D-02
            0.19531250000000D-02  0.19531250000000D-02  0.19531250000000D-02
            0.19531250000000D-02  0.19531250000000D-02  0.19531250000000D-02
            0.19531250000000D-02  0.19531250000000D-02  0.19531250000000D-02
            0.19531250000000D-02  0.19531250000000D-02  0.19531250000000D-02
            0.19531250000000D-02  0.19531250000000D-02  0.19531250000000D-02
            0.19531250000000D-02  0.19531250000000D-02  0.19531250000000D-02
            0.19531250000000D-02  0.19531250000000D-02  0.19531250000000D-02
            0.19531250000000D-02  0.19531250000000D-02  0.19531250000000D-02
            0.19531250000000D-02  0.19531250000000D-02  0.19531250000000D-02
            0.19531250000000D-02  0.19531250000000D-02  0.19531250000000D-02
            0.19531250000000D-02  0.19531250000000D-02  0.19531250000000D-02
            0.19531250000000D-02  0.19531250000000D-02  0.19531250000000D-02
            0.19531250000000D-02  0.19531250000000D-02  0.19531250000000D-02
            0.19531250000000D-02  0.19531250000000D-02  0.19531250000000D-02
            0.19531250000000D-02  0.19531250000000D-02  0.19531250000000D-02
            0.19531250000000D-02  0.19531250000000D-02  0.19531250000000D-02
            0.19531250000000D-02  0.19531250000000D-02  0.19531250000000D-02
            0.19531250000000D-02  0.19531250000000D-02  0.19531250000000D-02
            0.19531250000000D-02  0.19531250000000D-02  0.19531250000000D-02
            0.19531250000000D-02  0.19531250000000D-02  0.19531250000000D-02
            0.19531250000000D-02  0.19531250000000D-02  0.19531250000000D-02
            0.19531250000000D-02  0.19531250000000D-02  0.19531250000000D-02
            0.19531250000000D-02  0.19531250000000D-02  0.19531250000000D-02
            0.19531250000000D-02  0.19531250000000D-02  0.19531250000000D-02
            0.19531250000000D-02  0.19531250000000D-02  0.19531250000000D-02
            0.19531250000000D-02  0.19531250000000D-02  0.19531250000000D-02
            0.19531250000000D-02  0.19531250000000D-02  0.19531250000000D-02
            0.19531250000000D-02  0.19531250000000D-02  0.19531250000000D-02
            0.19531250000000D-02  0.19531250000000D-02  0.19531250000000D-02
            0.19531250000000D-02  0.19531250000000D-02  0.19531250000000D-02
            0.19531250000000D-02  0.19531250000000D-02  0.19531250000000D-02
            0.19531250000000D-02  0.19531250000000D-02  0.19531250000000D-02
            0.19531250000000D-02  0.19531250000000D-02  0.19531250000000D-02
            0.19531250000000D-02  0.19531250000000D-02  0.19531250000000D-02
            0.19531250000000D-02  0.19531250000000D-02  0.19531250000000D-02
            0.19531250000000D-02  0.19531250000000D-02  0.19531250000000D-02
            0.19531250000000D-02  0.19531250000000D-02  0.19531250000000D-02
            0.19531250000000D-02  0.19531250000000D-02  0.19531250000000D-02
            0.19531250000000D-02  0.19531250000000D-02  0.19531250000000D-02
            0.19531250000000D-02  0.19531250000000D-02  0.19531250000000D-02
            0.19531250000000D-02  0.19531250000000D-02  0.19531250000000D-02
            0.19531250000000D-02  0.19531250000000D-02  0.19531250000000D-02
            0.19531250000000D-02  0.19531250000000D-02  0.19531250000000D-02
            0.19531250000000D-02  0.19531250000000D-02  0.19531250000000D-02
            0.19531250000000D-02  0.19531250000000D-02  0.19531250000000D-02
            0.19531250000000D-02  0.19531250000000D-02  0.19531250000000D-02
            0.19531250000000D-02  0.19531250000000D-02  0.19531250000000D-02
            0.19531250000000D-02  0.19531250000000D-02  0.19531250000000D-02
            0.19531250000000D-02  0.19531250000000D-02  0.19531250000000D-02
            0.19531250000000D-02  0.19531250000000D-02  0.19531250000000D-02
            0.19531250000000D-02  0.19531250000000D-02  0.19531250000000D-02
            0.19531250000000D-02  0.19531250000000D-02  0.19531250000000D-02
            0.19531250000000D-02  0.19531250000000D-02  0.19531250000000D-02
            0.19531250000000D-02  0.19531250000000D-02  0.19531250000000D-02
            0.19531250000000D-02  0.19531250000000D-02  0.19531250000000D-02
            0.19531250000000D-02  0.19531250000000D-02  0.19531250000000D-02
            0.19531250000000D-02  0.19531250000000D-02  0.19531250000000D-02
            0.19531250000000D-02  0.19531250000000D-02  0.19531250000000D-02
            0.19531250000000D-02  0.19531250000000D-02  0.19531250000000D-02
            0.19531250000000D-02  0.19531250000000D-02  0.19531250000000D-02
            0.19531250000000D-02  0.19531250000000D-02  0.19531250000000D-02
            0.19531250000000D-02  0.19531250000000D-02  0.19531250000000D-02
            0.19531250000000D-02  0.19531250000000D-02  0.19531250000000D-02
            0.19531250000000D-02  0.19531250000000D-02  0.19531250000000D-02
            0.19531250000000D-02  0.19531250000000D-02  0.19531250000000D-02
            0.19531250000000D-02  0.19531250000000D-02  0.19531250000000D-02
            0.19531250000000D-02  0.19531250000000D-02  0.19531250000000D-02
            0.19531250000000D-02  0.19531250000000D-02  0.19531250000000D-02
            0.19531250000000D-02  0.19531250000000D-02  0.19531250000000D-02
            0.19531250000000D-02  0.19531250000000D-02  0.19531250000000D-02
            0.19531250000000D-02  0.19531250000000D-02  0.19531250000000D-02
            0.19531250000000D-02  0.19531250000000D-02  0.19531250000000D-02
            0.19531250000000D-02  0.19531250000000D-02  0.19531250000000D-02
            0.19531250000000D-02  0.19531250000000D-02  0.19531250000000D-02
            0.19531250000000D-02  0.19531250000000D-02  0.19531250000000D-02
            0.19531250000000D-02  0.19531250000000D-02  0.19531250000000D-02
            0.19531250000000D-02  0.19531250000000D-02  0.19531250000000D-02
            0.19531250000000D-02  0.19531250000000D-02  0.19531250000000D-02
            0.19531250000000D-02  0.19531250000000D-02  0.19531250000000D-02
            0.19531250000000D-02  0.19531250000000D-02  0.19531250000000D-02
            0.19531250000000D-02  0.19531250000000D-02  0.19531250000000D-02
            0.19531250000000D-02  0.19531250000000D-02  0.19531250000000D-02
            0.19531250000000D-02  0.19531250000000D-02  0.19531250000000D-02
            0.19531250000000D-02  0.19531250000000D-02  0.19531250000000D-02
            0.19531250000000D-02  0.19531250000000D-02  0.19531250000000D-02
            0.19531250000000D-02  0.19531250000000D-02  0.19531250000000D-02
            0.19531250000000D-02  0.19531250000000D-02  0.19531250000000D-02
            0.19531250000000D-02  0.19531250000000D-02  0.19531250000000D-02
            0.19531250000000D-02  0.19531250000000D-02  0.19531250000000D-02
            0.19531250000000D-02  0.19531250000000D-02  0.19531250000000D-02
            0.19531250000000D-02  0.19531250000000D-02  0.19531250000000D-02
            0.19531250000000D-02  0.19531250000000D-02  0.19531250000000D-02
            0.19531250000000D-02  0.19531250000000D-02  0.19531250000000D-02
            0.19531250000000D-02  0.19531250000000D-02  0.19531250000000D-02
            0.19531250000000D-02  0.19531250000000D-02  0.19531250000000D-02
            0.19531250000000D-02  0.19531250000000D-02  0.19531250000000D-02
            0.19531250000000D-02  0.19531250000000D-02  0.19531250000000D-02
            0.19531250000000D-02  0.19531250000000D-02  0.19531250000000D-02
            0.19531250000000D-02  0.19531250000000D-02  0.19531250000000D-02
            0.19531250000000D-02  0.19531250000000D-02  0.19531250000000D-02
            0.19531250000000D-02  0.19531250000000D-02  0.19531250000000D-02
            0.19531250000000D-02  0.19531250000000D-02  0.19531250000000D-02
            0.19531250000000D-02  0.19531250000000D-02  0.19531250000000D-02
            0.19531250000000D-02  0.19531250000000D-02  0.19531250000000D-02
            0.19531250000000D-02  0.19531250000000D-02  0.19531250000000D-02
            0.19531250000000D-02  0.19531250000000D-02  0.19531250000000D-02
            0.19531250000000D-02  0.19531250000000D-02  0.19531250000000D-02
            0.19531250000000D-02  0.19531250000000D-02  0.19531250000000D-02
            0.19531250000000D-02  0.19531250000000D-02  0.19531250000000D-02
            0.19531250000000D-02  0.19531250000000D-02  0.19531250000000D-02
            0.19531250000000D-02  0.19531250000000D-02  0.19531250000000D-02
            0.19531250000000D-02  0.19531250000000D-02  0.19531250000000D-02
            0.19531250000000D-02  0.19531250000000D-02  0.19531250000000D-02
            0.19531250000000D-02  0.19531250000000D-02  0.19531250000000D-02
            0.19531250000000D-02  0.19531250000000D-02  0.19531250000000D-02
            0.19531250000000D-02  0.19531250000000D-02  0.19531250000000D-02
            0.19531250000000D-02  0.19531250000000D-02  0.19531250000000D-02
            0.19531250000000D-02  0.19531250000000D-02  0.19531250000000D-02
            0.19531250000000D-02  0.19531250000000D-02  0.19531250000000D-02
            0.19531250000000D-02  0.19531250000000D-02  0.19531250000000D-02
            0.19531250000000D-02  0.19531250000000D-02  0.19531250000000D-02
            0.19531250000000D-02  0.19531250000000D-02  0.19531250000000D-02
            0.19531250000000D-02  0.19531250000000D-02  0.19531250000000D-02
            0.19531250000000D-02  0.19531250000000D-02  0.19531250000000D-02
            0.19531250000000D-02  0.19531250000000D-02  0.19531250000000D-02
            0.19531250000000D-02  0.19531250000000D-02  0.19531250000000D-02
            0.19531250000000D-02  0.19531250000000D-02  0.19531250000000D-02
            0.19531250000000D-02  0.19531250000000D-02  0.19531250000000D-02
            0.19531250000000D-02  0.19531250000000D-02  0.19531250000000D-02
            0.19531250000000D-02  0.19531250000000D-02  0.19531250000000D-02
            0.19531250000000D-02  0.19531250000000D-02  0.19531250000000D-02
            0.19531250000000D-02  0.19531250000000D-02  0.19531250000000D-02
            0.19531250000000D-02  0.19531250000000D-02  0.19531250000000D-02
            0.19531250000000D-02  0.19531250000000D-02  0.19531250000000D-02
            0.19531250000000D-02  0.19531250000000D-02  0.19531250000000D-02
            0.19531250000000D-02  0.19531250000000D-02  0.19531250000000D-02
            0.19531250000000D-02  0.19531250000000D-02  0.19531250000000D-02
            0.19531250000000D-02  0.19531250000000D-02  0.19531250000000D-02
            0.19531250000000D-02  0.19531250000000D-02  0.19531250000000D-02
            0.19531250000000D-02  0.19531250000000D-02
      xred  0.00000000000000D+00  0.00000000000000D+00  0.00000000000000D+00
            0.50000000000000D+00  0.50000000000000D+00  0.50000000000000D+00
            0.00000000000000D+00  0.50000000000000D+00  0.50000000000000D+00
            0.50000000000000D+00  0.00000000000000D+00  0.50000000000000D+00
            0.50000000000000D+00  0.50000000000000D+00  0.00000000000000D+00
     znucl  0.56000000000000D+02  0.22000000000000D+02  0.80000000000000D+01
      zion  0.10000000000000D+02  0.12000000000000D+02  0.60000000000000D+01
 
  Description of the potentials (KB energies)
  vrsio8 (for pseudopotentials)= 10929
  dimekb =  4       lmnmax=  4       usepaw=  0
  Atom type=    1   pspso=  0   nekb=   4
  iln lpsang iproj  ekb(:)
     1     0     1    -9.6466923E+00  0.0000000E+00  0.0000000E+00  0.0000000E+00
     2     0     2     0.0000000E+00  2.7266828E+01  0.0000000E+00  0.0000000E+00
     3     1     1     0.0000000E+00  0.0000000E+00 -6.9384758E+00  0.0000000E+00
     4     1     2     0.0000000E+00  0.0000000E+00  0.0000000E+00  2.1148499E+01
  Atom type=    2   pspso=  0   nekb=   4
  iln lpsang iproj  ekb(:)
     1     0     1     9.5173163E+00  0.0000000E+00  0.0000000E+00  0.0000000E+00
     2     0     2     0.0000000E+00 -2.3446820E+00  0.0000000E+00  0.0000000E+00
     3     1     1     0.0000000E+00  0.0000000E+00  5.0114063E+00  0.0000000E+00
     4     1     2     0.0000000E+00  0.0000000E+00  0.0000000E+00 -7.4117869E-01
  Atom type=    3   pspso=  0   nekb=   2
  iln lpsang iproj  ekb(:)
     1     0     1     5.7633608E+00  0.0000000E+00
     2     0     2     0.0000000E+00 -1.7984213E+00
 
 **** Database of total energy derivatives ****
 Number of data blocks=    1

 2rd derivatives (non-stat.)  - # elements :     225
 qpt  2.50000000E-01  2.50000000E-01  0.00000000E+00   1.0
   1   1   1   1  0.58730238358060D+01 -0.31196708655520D-16
   1   1   2   1  0.59571839974616D+00 -0.40842208228416D-12
   1   1   3   1  0.20011389991199D-08  0.47084648118866D-13
   1   1   1   2  0.22712432879097D-11 -0.19209595953978D+00
   1   1   2   2 -0.13856132628554D-12 -0.41780418999613D+01
   1   1   3   2  0.45955568273326D-12 -0.92320364695880D-09
   1   1   1   3 -0.13219921455538D+01  0.13219921455504D+01
   1   1   2   3 -0.35670786117104D+00  0.35670786113232D+00
   1   1   3   3  0.25703737548516D-12 -0.25740180613563D-12
   1   1   1   4 -0.54953281724459D+00  0.54953281724660D+00
   1   1   2   4 -0.96388671331516D+00  0.96388671331639D+00
   1   1   3   4 -0.16843815967346D-14  0.35435546255770D-14
   1   1   1   5 -0.29834355391887D-11  0.65857492151676D+00
   1   1   2   5 -0.29517900998934D-12  0.50443275492810D+00
   1   1   3   5  0.79954548601990D-10 -0.29212783725548D-07
   2   1   1   1  0.59571839974616D+00  0.40842208228416D-12
   2   1   2   1  0.58730238358062D+01  0.13139276914661D-16
   2   1   3   1  0.20011444760239D-08  0.54752900775072D-13
   2   1   1   2  0.54401502863661D-11 -0.41780539274025D+01
   2   1   2   2  0.22712605284224D-11 -0.19209595953978D+00
   2   1   3   2  0.46334733658965D-12 -0.92321783659854D-09
   2   1   1   3 -0.96388566135305D+00  0.96388566134773D+00
   2   1   2   3 -0.54953451191918D+00  0.54953451192885D+00
   2   1   3   3  0.19100546855931D-12 -0.13792383182160D-12
   2   1   1   4 -0.35670786117103D+00  0.35670786113231D+00
   2   1   2   4 -0.13219921455538D+01  0.13219921455504D+01
   2   1   3   4 -0.12678578856066D-14 -0.16859630450017D-15
   2   1   1   5 -0.59592440622302D-11  0.50443210779645D+00
   2   1   2   5 -0.29830491074772D-11  0.65857492151677D+00
   2   1   3   5  0.79952295391276D-10 -0.29212771364510D-07
   3   1   1   1 -0.52480399961751D-15  0.30713395395807D-16
   3   1   2   1  0.20011444760239D-08 -0.54752980247897D-13
   3   1   3   1  0.39437499859122D+01  0.70406396945358D-17
   3   1   1   2 -0.13616454640963D-14  0.31289430452114D-14
   3   1   2   2  0.24571094175472D-14 -0.78543712065523D-08
   3   1   3   2 -0.41385917465713D-11  0.10933092860142D+01
   3   1   1   3 -0.49414391441920D-15  0.19798658188399D-15
   3   1   2   3  0.68987904525811D-14 -0.79872615746764D-14
   3   1   3   3 -0.27710179061184D+00  0.27710179060961D+00
   3   1   1   4  0.10497473585704D-08 -0.10497447894963D-08
   3   1   2   4 -0.10206667984194D-10  0.10206170269901D-10
   3   1   3   4 -0.27707938178096D+00  0.27707938176605D+00
   3   1   1   5 -0.19459571057744D-15 -0.21702981820228D-14
   3   1   2   5 -0.39206444859072D-14 -0.17368097637594D-08
   3   1   3   5 -0.13761007322654D-09  0.37278104049529D+00
   1   2   1   1  0.21629192388565D-11  0.19208916234151D+00
   1   2   2   1  0.54401502863661D-11  0.41780539274025D+01
   1   2   3   1 -0.11332795702254D-14  0.78543659439436D-08
   1   2   1   2  0.12203185102856D+02 -0.44923260463949D-16
   1   2   2   2  0.36739644969957D+01 -0.34821545345307D-11
   1   2   3   2  0.18227170851724D-08 -0.21579065154624D-12
   1   2   1   3 -0.20296353580123D+01 -0.20296353580084D+01
   1   2   2   3 -0.83298251888457D+00 -0.83298251896926D+00
   1   2   3   3  0.82784153127710D-13  0.87704741542646D-13
   1   2   1   4 -0.14258428764333D+01 -0.14258428764271D+01
   1   2   2   4 -0.27266542196371D+01 -0.27266542196260D+01
   1   2   3   4  0.42547765916574D-14 -0.37987439289025D-14
   1   2   1   5 -0.25457121844958D+01 -0.70236772909663D-11
   1   2   2   5 -0.88004444022602D+00  0.79771302198563D-12
   1   2   3   5  0.14875916800796D-06 -0.33047266053559D-11
   2   2   1   1 -0.13856132628554D-12  0.41780418999613D+01
   2   2   2   1  0.21629364793692D-11  0.19208916234151D+00
   2   2   3   1  0.24571094175472D-14  0.78543712065523D-08
   2   2   1   2  0.36739644969957D+01  0.34821545499779D-11
   2   2   2   2  0.12203185102860D+02  0.18920558757112D-16
   2   2   3   2  0.18227216724320D-08 -0.21085134048961D-12
   2   2   1   3 -0.27266552971664D+01 -0.27266552971697D+01
   2   2   2   3 -0.14258471697790D+01 -0.14258471697816D+01
   2   2   3   3 -0.62861467035371D-12 -0.63659097036180D-12
   2   2   1   4 -0.83298251888458D+00 -0.83298251896927D+00
   2   2   2   4 -0.20296353580123D+01 -0.20296353580084D+01
   2   2   3   4 -0.10851624355257D-13 -0.98977890003214D-14
   2   2   1   5 -0.88004948524956D+00 -0.53699556662464D-11
   2   2   2   5 -0.25457121844958D+01 -0.70236779273633D-11
   2   2   3   5  0.14875917244243D-06 -0.32923688246652D-11
   3   2   1   1  0.11062947350799D-15 -0.76896798506257D-14
   3   2   2   1  0.46334733658965D-12  0.92321783659854D-09
   3   2   3   1  0.24454648257591D-12 -0.10932642345122D+01
   3   2   1   2  0.44583736556795D-14  0.74792192180063D-14
   3   2   2   2  0.18227216724320D-08  0.21085122604874D-12
   3   2   3   2  0.94959384035792D+00  0.10138521160132D-16
   3   2   1   3 -0.43999919351106D-14  0.10791361466245D-13
   3   2   2   3 -0.40971331700270D-14 -0.50539757068215D-14
   3   2   3   3 -0.10889279930874D+00 -0.10889279930566D+00
   3   2   1   4  0.53322489781860D-09  0.53376943848239D-09
   3   2   2   4  0.66685754933578D-08  0.66680017843641D-08
   3   2   3   4 -0.10891630298522D+00 -0.10891630296698D+00
   3   2   1   5  0.18058669999506D-14  0.34365731830659D-14
   3   2   2   5  0.28849068732347D-09 -0.68285324757127D-13
   3   2   3   5  0.15124338821170D+01 -0.20369799816583D-10
   1   3   1   1 -0.13219946182850D+01 -0.13219946182822D+01
   1   3   2   1 -0.96388566135305D+00 -0.96388566134773D+00
   1   3   3   1 -0.10207320246255D-10 -0.10203611205541D-10
   1   3   1   2 -0.20296320417259D+01  0.20296320417230D+01
   1   3   2   2 -0.27266552971664D+01  0.27266552971697D+01
   1   3   3   2  0.66686042629161D-08 -0.66680376568184D-08
   1   3   1   3  0.11102733429657D+02  0.19994207451595D-16
   1   3   2   3  0.90595931587688D+00 -0.40632722936399D-12
   1   3   3   3  0.10596863771096D-12  0.42854921862511D-13
   1   3   1   4 -0.60991123331078D+00 -0.94396443790770D-11
   1   3   2   4  0.49159524064635D+01 -0.63099677560105D-11
   1   3   3   4  0.13839942252088D-14 -0.29175600982079D-14
   1   3   1   5 -0.73904085492935D+00  0.73904085493255D+00
   1   3   2   5  0.52717452408483D+00 -0.52717452408600D+00
   1   3   3   5  0.17204551437997D-07 -0.17201784191299D-07
   2   3   1   1 -0.35670731925594D+00 -0.35670731925717D+00
   2   3   2   1 -0.54953451191918D+00 -0.54953451192885D+00
   2   3   3   1  0.10497608925003D-08  0.10497482670115D-08
   2   3   1   2 -0.83297887395170D+00  0.83297887395156D+00
   2   3   2   2 -0.14258471697790D+01  0.14258471697816D+01
   2   3   3   2  0.53322693251946D-09 -0.53376438983171D-09
   2   3   1   3  0.90596290599555D+00  0.34547806653866D-11
   2   3   2   3  0.42887723134245D+01  0.19208027509477D-15
   2   3   3   3  0.36249531439363D-12  0.36630243389184D-14
   2   3   1   4  0.17904470681285D+01  0.86114942084621D-11
   2   3   2   4 -0.60991349081248D+00  0.72078741469349D-11
   2   3   3   4  0.18219471765955D-14 -0.52411368864345D-14
   2   3   1   5  0.25962225331965D+00 -0.25962225331802D+00
   2   3   2   5  0.46266689123717D+00 -0.46266689123992D+00
   2   3   3   5  0.21564295264825D-07 -0.21566434570867D-07
   3   3   1   1  0.11578514255945D-14 -0.26243028806417D-14
   3   3   2   1  0.19100546855931D-12  0.13792383182160D-12
   3   3   3   1 -0.27707938178098D+00 -0.27707938176606D+00
   3   3   1   2  0.15497102316987D-13  0.87376658013853D-14
   3   3   2   2 -0.62861467035371D-12  0.63659097036180D-12
   3   3   3   2 -0.10891630298526D+00  0.10891630296702D+00
   3   3   1   3 -0.36679818432173D-14 -0.96220825691498D-15
   3   3   2   3 -0.10524122543558D-13  0.83464104583046D-14
   3   3   3   3  0.37664053244366D+01  0.15865974312795D-15
   3   3   1   4  0.32807519970134D-13 -0.27937102157513D-14
   3   3   2   4  0.33631701032927D-12  0.36762281431092D-14
   3   3   3   4  0.15862125274428D+00 -0.15333616065494D-11
   3   3   1   5 -0.10169098582331D-14 -0.52754388020943D-14
   3   3   2   5  0.32032949458541D-12 -0.31617888807942D-12
   3   3   3   5 -0.13301907407136D+01  0.13301907407167D+01
   1   4   1   1 -0.54953281724459D+00 -0.54953281724660D+00
   1   4   2   1 -0.35670731925593D+00 -0.35670731925716D+00
   1   4   3   1  0.10497473585704D-08  0.10497447894963D-08
   1   4   1   2 -0.14258428764333D+01  0.14258428764271D+01
   1   4   2   2 -0.83297887395171D+00  0.83297887395158D+00
   1   4   3   2  0.53322489781860D-09 -0.53376943848239D-09
   1   4   1   3 -0.60991123331078D+00  0.94396443790770D-11
   1   4   2   3  0.17904470681285D+01 -0.86114942084621D-11
   1   4   3   3  0.32807519970134D-13  0.27937102157513D-14
   1   4   1   4  0.42887723134268D+01  0.17611932028951D-15
   1   4   2   4  0.90596290599555D+00  0.34547806653866D-11
   1   4   3   4  0.53842427650573D-15  0.13732313671465D-15
   1   4   1   5  0.46266625722324D+00 -0.46266625722009D+00
   1   4   2   5  0.25962225331964D+00 -0.25962225331802D+00
   1   4   3   5  0.21564296117375D-07 -0.21566433422707D-07
   2   4   1   1 -0.96388671331516D+00 -0.96388671331639D+00
   2   4   2   1 -0.13219946182850D+01 -0.13219946182822D+01
   2   4   3   1 -0.10206667984194D-10 -0.10206170269901D-10
   2   4   1   2 -0.27266542196371D+01  0.27266542196260D+01
   2   4   2   2 -0.20296320417259D+01  0.20296320417230D+01
   2   4   3   2  0.66685754933578D-08 -0.66680017843641D-08
   2   4   1   3  0.49159524064635D+01  0.63099677560105D-11
   2   4   2   3 -0.60991349081248D+00 -0.72078741469349D-11
   2   4   3   3  0.33631701032927D-12 -0.36762281431092D-14
   2   4   1   4  0.90595931587688D+00 -0.40632722936399D-12
   2   4   2   4  0.11102733429656D+02  0.35955162256861D-16
   2   4   3   4  0.52201042691238D-15 -0.99008706369083D-18
   2   4   1   5  0.52717244009240D+00 -0.52717244008886D+00
   2   4   2   5 -0.73904085492934D+00  0.73904085493256D+00
   2   4   3   5  0.17204562994238D-07 -0.17201786951617D-07
   3   4   1   1 -0.16843815967346D-14 -0.35435546255770D-14
   3   4   2   1 -0.12678578856066D-14  0.16859630450017D-15
   3   4   3   1 -0.27707938178096D+00 -0.27707938176605D+00
   3   4   1   2  0.42547765916574D-14  0.37987439289025D-14
   3   4   2   2 -0.10851624355257D-13  0.98977890003214D-14
   3   4   3   2 -0.10891630298522D+00  0.10891630296698D+00
   3   4   1   3  0.13839942252088D-14  0.29175600982079D-14
   3   4   2   3  0.18219471765955D-14  0.52411368864345D-14
   3   4   3   3  0.15862125274428D+00  0.15333616065494D-11
   3   4   1   4  0.53842427650573D-15  0.13732313671465D-15
   3   4   2   4  0.52201042691238D-15 -0.99008706369083D-18
   3   4   3   4  0.37664053244375D+01  0.15865974312795D-15
   3   4   1   5  0.16706462819716D-14 -0.18376069257412D-14
   3   4   2   5  0.65336813837166D-14 -0.36830934554087D-14
   3   4   3   5 -0.13301907407136D+01  0.13301907407167D+01
   1   5   1   1 -0.83547739893964D-12 -0.65857348273685D+00
   1   5   2   1 -0.59592440622302D-11 -0.50443210779645D+00
   1   5   3   1 -0.66689867780815D-15  0.17368099013080D-08
   1   5   1   2 -0.25457046929848D+01  0.49387968797493D-11
   1   5   2   2 -0.88004948524956D+00  0.53699556662464D-11
   1   5   3   2  0.28847117788361D-09  0.25078869661312D-13
   1   5   1   3 -0.73904043084447D+00 -0.73904043086108D+00
   1   5   2   3  0.25962288351417D+00  0.25962288349907D+00
   1   5   3   3  0.20744374287155D-12  0.20799572250875D-12
   1   5   1   4  0.46266625722324D+00  0.46266625722009D+00
   1   5   2   4  0.52717244009240D+00  0.52717244008886D+00
   1   5   3   4  0.16706462819716D-14  0.18376069257412D-14
   1   5   1   5  0.40345293002979D+01 -0.11230815115987D-16
   1   5   2   5  0.52123800303190D+00 -0.16203867039471D-12
   1   5   3   5  0.30806368570409D-07  0.54686021955506D-12
   2   5   1   1 -0.29517900998934D-12 -0.50443275492810D+00
   2   5   2   1 -0.83509096722812D-12 -0.65857348273686D+00
   2   5   3   1 -0.39206444859072D-14  0.17368097637594D-08
   2   5   1   2 -0.88004444022602D+00 -0.79771302198563D-12
   2   5   2   2 -0.25457046929848D+01  0.49387975161463D-11
   2   5   3   2  0.28849068732347D-09  0.68285324757127D-13
   2   5   1   3  0.52717452408483D+00  0.52717452408600D+00
   2   5   2   3  0.46266689123717D+00  0.46266689123992D+00
   2   5   3   3  0.32032949458541D-12  0.31617888807942D-12
   2   5   1   4  0.25962288351416D+00  0.25962288349907D+00
   2   5   2   4 -0.73904043084447D+00 -0.73904043086109D+00
   2   5   3   4  0.65336813837166D-14  0.36830934554087D-14
   2   5   1   5  0.52123800303190D+00  0.16203867040291D-12
   2   5   2   5  0.40345293002979D+01  0.47301396892781D-17
   2   5   3   5  0.30806372348457D-07  0.55057532887485D-12
   3   5   1   1  0.39359167705804D-15  0.22055202393707D-14
   3   5   2   1  0.79952295391276D-10  0.29212771364510D-07
   3   5   3   1 -0.28864077369343D-11 -0.37286473755935D+00
   3   5   1   2  0.23582268451828D-14  0.33888083078210D-14
   3   5   2   2  0.14875917244243D-06  0.32923688246652D-11
   3   5   3   2  0.15124523869193D+01  0.39591884724897D-11
   3   5   1   3  0.11561938528028D-14  0.96123072986137D-15
   3   5   2   3  0.53114797712515D-15 -0.81021177311827D-16
   3   5   3   3 -0.13301810172476D+01 -0.13301810172461D+01
   3   5   1   4  0.21564296117375D-07  0.21566433422707D-07
   3   5   2   4  0.17204562994238D-07  0.17201786951617D-07
   3   5   3   4 -0.13301907407136D+01 -0.13301907407167D+01
   3   5   1   5 -0.26512859070042D-14 -0.41626144057042D-14
   3   5   2   5  0.30806372348457D-07 -0.55057535748507D-12
   3   5   3   5  0.47545626142169D+01  0.25346302900329D-17
