
 **** DERIVATIVE DATABASE ****    
+DDB, Version number     10929

  Note : temporary (transfer) database                                                                                                                                                                                                                                   

     natom         5
      nkpt       512
    nsppol         1
      nsym        48
    ntypat         3
    occopt         1
     nband        20
     acell  0.74434230817000D+01  0.74434230817000D+01  0.74434230817000D+01
       amu  0.13732700000000D+03  0.47880000000000D+02  0.15999400000000D+02
   dilatmx  0.10000000000000D+01
      ecut  0.40000000000000D+02
    ecutsm  0.00000000000000D+00
     intxc         0
      iscf         5
       ixc         3
       kpt  0.62500000000000D-01  0.62500000000000D-01  0.62500000000000D-01
            0.18750000000000D+00  0.62500000000000D-01  0.62500000000000D-01
            0.31250000000000D+00  0.62500000000000D-01  0.62500000000000D-01
            0.43750000000000D+00  0.62500000000000D-01  0.62500000000000D-01
           -0.43750000000000D+00  0.62500000000000D-01  0.62500000000000D-01
           -0.31250000000000D+00  0.62500000000000D-01  0.62500000000000D-01
           -0.18750000000000D+00  0.62500000000000D-01  0.62500000000000D-01
           -0.62500000000000D-01  0.62500000000000D-01  0.62500000000000D-01
            0.62500000000000D-01  0.18750000000000D+00  0.62500000000000D-01
            0.18750000000000D+00  0.18750000000000D+00  0.62500000000000D-01
            0.31250000000000D+00  0.18750000000000D+00  0.62500000000000D-01
            0.43750000000000D+00  0.18750000000000D+00  0.62500000000000D-01
           -0.43750000000000D+00  0.18750000000000D+00  0.62500000000000D-01
           -0.31250000000000D+00  0.18750000000000D+00  0.62500000000000D-01
           -0.18750000000000D+00  0.18750000000000D+00  0.62500000000000D-01
           -0.62500000000000D-01  0.18750000000000D+00  0.62500000000000D-01
            0.62500000000000D-01  0.31250000000000D+00  0.62500000000000D-01
            0.18750000000000D+00  0.31250000000000D+00  0.62500000000000D-01
            0.31250000000000D+00  0.31250000000000D+00  0.62500000000000D-01
            0.43750000000000D+00  0.31250000000000D+00  0.62500000000000D-01
           -0.43750000000000D+00  0.31250000000000D+00  0.62500000000000D-01
           -0.31250000000000D+00  0.31250000000000D+00  0.62500000000000D-01
           -0.18750000000000D+00  0.31250000000000D+00  0.62500000000000D-01
           -0.62500000000000D-01  0.31250000000000D+00  0.62500000000000D-01
            0.62500000000000D-01  0.43750000000000D+00  0.62500000000000D-01
            0.18750000000000D+00  0.43750000000000D+00  0.62500000000000D-01
            0.31250000000000D+00  0.43750000000000D+00  0.62500000000000D-01
            0.43750000000000D+00  0.43750000000000D+00  0.62500000000000D-01
           -0.43750000000000D+00  0.43750000000000D+00  0.62500000000000D-01
           -0.31250000000000D+00  0.43750000000000D+00  0.62500000000000D-01
           -0.18750000000000D+00  0.43750000000000D+00  0.62500000000000D-01
           -0.62500000000000D-01  0.43750000000000D+00  0.62500000000000D-01
            0.62500000000000D-01 -0.43750000000000D+00  0.62500000000000D-01
            0.18750000000000D+00 -0.43750000000000D+00  0.62500000000000D-01
            0.31250000000000D+00 -0.43750000000000D+00  0.62500000000000D-01
            0.43750000000000D+00 -0.43750000000000D+00  0.62500000000000D-01
           -0.43750000000000D+00 -0.43750000000000D+00  0.62500000000000D-01
           -0.31250000000000D+00 -0.43750000000000D+00  0.62500000000000D-01
           -0.18750000000000D+00 -0.43750000000000D+00  0.62500000000000D-01
           -0.62500000000000D-01 -0.43750000000000D+00  0.62500000000000D-01
            0.62500000000000D-01 -0.31250000000000D+00  0.62500000000000D-01
            0.18750000000000D+00 -0.31250000000000D+00  0.62500000000000D-01
            0.31250000000000D+00 -0.31250000000000D+00  0.62500000000000D-01
            0.43750000000000D+00 -0.31250000000000D+00  0.62500000000000D-01
           -0.43750000000000D+00 -0.31250000000000D+00  0.62500000000000D-01
           -0.31250000000000D+00 -0.31250000000000D+00  0.62500000000000D-01
           -0.18750000000000D+00 -0.31250000000000D+00  0.62500000000000D-01
           -0.62500000000000D-01 -0.31250000000000D+00  0.62500000000000D-01
            0.62500000000000D-01 -0.18750000000000D+00  0.62500000000000D-01
            0.18750000000000D+00 -0.18750000000000D+00  0.62500000000000D-01
            0.31250000000000D+00 -0.18750000000000D+00  0.62500000000000D-01
            0.43750000000000D+00 -0.18750000000000D+00  0.62500000000000D-01
           -0.43750000000000D+00 -0.18750000000000D+00  0.62500000000000D-01
           -0.31250000000000D+00 -0.18750000000000D+00  0.62500000000000D-01
           -0.18750000000000D+00 -0.18750000000000D+00  0.62500000000000D-01
           -0.62500000000000D-01 -0.18750000000000D+00  0.62500000000000D-01
            0.62500000000000D-01 -0.62500000000000D-01  0.62500000000000D-01
            0.18750000000000D+00 -0.62500000000000D-01  0.62500000000000D-01
            0.31250000000000D+00 -0.62500000000000D-01  0.62500000000000D-01
            0.43750000000000D+00 -0.62500000000000D-01  0.62500000000000D-01
           -0.43750000000000D+00 -0.62500000000000D-01  0.62500000000000D-01
           -0.31250000000000D+00 -0.62500000000000D-01  0.62500000000000D-01
           -0.18750000000000D+00 -0.62500000000000D-01  0.62500000000000D-01
           -0.62500000000000D-01 -0.62500000000000D-01  0.62500000000000D-01
            0.62500000000000D-01  0.62500000000000D-01  0.18750000000000D+00
            0.18750000000000D+00  0.62500000000000D-01  0.18750000000000D+00
            0.31250000000000D+00  0.62500000000000D-01  0.18750000000000D+00
            0.43750000000000D+00  0.62500000000000D-01  0.18750000000000D+00
           -0.43750000000000D+00  0.62500000000000D-01  0.18750000000000D+00
           -0.31250000000000D+00  0.62500000000000D-01  0.18750000000000D+00
           -0.18750000000000D+00  0.62500000000000D-01  0.18750000000000D+00
           -0.62500000000000D-01  0.62500000000000D-01  0.18750000000000D+00
            0.62500000000000D-01  0.18750000000000D+00  0.18750000000000D+00
            0.18750000000000D+00  0.18750000000000D+00  0.18750000000000D+00
            0.31250000000000D+00  0.18750000000000D+00  0.18750000000000D+00
            0.43750000000000D+00  0.18750000000000D+00  0.18750000000000D+00
           -0.43750000000000D+00  0.18750000000000D+00  0.18750000000000D+00
           -0.31250000000000D+00  0.18750000000000D+00  0.18750000000000D+00
           -0.18750000000000D+00  0.18750000000000D+00  0.18750000000000D+00
           -0.62500000000000D-01  0.18750000000000D+00  0.18750000000000D+00
            0.62500000000000D-01  0.31250000000000D+00  0.18750000000000D+00
            0.18750000000000D+00  0.31250000000000D+00  0.18750000000000D+00
            0.31250000000000D+00  0.31250000000000D+00  0.18750000000000D+00
            0.43750000000000D+00  0.31250000000000D+00  0.18750000000000D+00
           -0.43750000000000D+00  0.31250000000000D+00  0.18750000000000D+00
           -0.31250000000000D+00  0.31250000000000D+00  0.18750000000000D+00
           -0.18750000000000D+00  0.31250000000000D+00  0.18750000000000D+00
           -0.62500000000000D-01  0.31250000000000D+00  0.18750000000000D+00
            0.62500000000000D-01  0.43750000000000D+00  0.18750000000000D+00
            0.18750000000000D+00  0.43750000000000D+00  0.18750000000000D+00
            0.31250000000000D+00  0.43750000000000D+00  0.18750000000000D+00
            0.43750000000000D+00  0.43750000000000D+00  0.18750000000000D+00
           -0.43750000000000D+00  0.43750000000000D+00  0.18750000000000D+00
           -0.31250000000000D+00  0.43750000000000D+00  0.18750000000000D+00
           -0.18750000000000D+00  0.43750000000000D+00  0.18750000000000D+00
           -0.62500000000000D-01  0.43750000000000D+00  0.18750000000000D+00
            0.62500000000000D-01 -0.43750000000000D+00  0.18750000000000D+00
            0.18750000000000D+00 -0.43750000000000D+00  0.18750000000000D+00
            0.31250000000000D+00 -0.43750000000000D+00  0.18750000000000D+00
            0.43750000000000D+00 -0.43750000000000D+00  0.18750000000000D+00
           -0.43750000000000D+00 -0.43750000000000D+00  0.18750000000000D+00
           -0.31250000000000D+00 -0.43750000000000D+00  0.18750000000000D+00
           -0.18750000000000D+00 -0.43750000000000D+00  0.18750000000000D+00
           -0.62500000000000D-01 -0.43750000000000D+00  0.18750000000000D+00
            0.62500000000000D-01 -0.31250000000000D+00  0.18750000000000D+00
            0.18750000000000D+00 -0.31250000000000D+00  0.18750000000000D+00
            0.31250000000000D+00 -0.31250000000000D+00  0.18750000000000D+00
            0.43750000000000D+00 -0.31250000000000D+00  0.18750000000000D+00
           -0.43750000000000D+00 -0.31250000000000D+00  0.18750000000000D+00
           -0.31250000000000D+00 -0.31250000000000D+00  0.18750000000000D+00
           -0.18750000000000D+00 -0.31250000000000D+00  0.18750000000000D+00
           -0.62500000000000D-01 -0.31250000000000D+00  0.18750000000000D+00
            0.62500000000000D-01 -0.18750000000000D+00  0.18750000000000D+00
            0.18750000000000D+00 -0.18750000000000D+00  0.18750000000000D+00
            0.31250000000000D+00 -0.18750000000000D+00  0.18750000000000D+00
            0.43750000000000D+00 -0.18750000000000D+00  0.18750000000000D+00
           -0.43750000000000D+00 -0.18750000000000D+00  0.18750000000000D+00
           -0.31250000000000D+00 -0.18750000000000D+00  0.18750000000000D+00
           -0.18750000000000D+00 -0.18750000000000D+00  0.18750000000000D+00
           -0.62500000000000D-01 -0.18750000000000D+00  0.18750000000000D+00
            0.62500000000000D-01 -0.62500000000000D-01  0.18750000000000D+00
            0.18750000000000D+00 -0.62500000000000D-01  0.18750000000000D+00
            0.31250000000000D+00 -0.62500000000000D-01  0.18750000000000D+00
            0.43750000000000D+00 -0.62500000000000D-01  0.18750000000000D+00
           -0.43750000000000D+00 -0.62500000000000D-01  0.18750000000000D+00
           -0.31250000000000D+00 -0.62500000000000D-01  0.18750000000000D+00
           -0.18750000000000D+00 -0.62500000000000D-01  0.18750000000000D+00
           -0.62500000000000D-01 -0.62500000000000D-01  0.18750000000000D+00
            0.62500000000000D-01  0.62500000000000D-01  0.31250000000000D+00
            0.18750000000000D+00  0.62500000000000D-01  0.31250000000000D+00
            0.31250000000000D+00  0.62500000000000D-01  0.31250000000000D+00
            0.43750000000000D+00  0.62500000000000D-01  0.31250000000000D+00
           -0.43750000000000D+00  0.62500000000000D-01  0.31250000000000D+00
           -0.31250000000000D+00  0.62500000000000D-01  0.31250000000000D+00
           -0.18750000000000D+00  0.62500000000000D-01  0.31250000000000D+00
           -0.62500000000000D-01  0.62500000000000D-01  0.31250000000000D+00
            0.62500000000000D-01  0.18750000000000D+00  0.31250000000000D+00
            0.18750000000000D+00  0.18750000000000D+00  0.31250000000000D+00
            0.31250000000000D+00  0.18750000000000D+00  0.31250000000000D+00
            0.43750000000000D+00  0.18750000000000D+00  0.31250000000000D+00
           -0.43750000000000D+00  0.18750000000000D+00  0.31250000000000D+00
           -0.31250000000000D+00  0.18750000000000D+00  0.31250000000000D+00
           -0.18750000000000D+00  0.18750000000000D+00  0.31250000000000D+00
           -0.62500000000000D-01  0.18750000000000D+00  0.31250000000000D+00
            0.62500000000000D-01  0.31250000000000D+00  0.31250000000000D+00
            0.18750000000000D+00  0.31250000000000D+00  0.31250000000000D+00
            0.31250000000000D+00  0.31250000000000D+00  0.31250000000000D+00
            0.43750000000000D+00  0.31250000000000D+00  0.31250000000000D+00
           -0.43750000000000D+00  0.31250000000000D+00  0.31250000000000D+00
           -0.31250000000000D+00  0.31250000000000D+00  0.31250000000000D+00
           -0.18750000000000D+00  0.31250000000000D+00  0.31250000000000D+00
           -0.62500000000000D-01  0.31250000000000D+00  0.31250000000000D+00
            0.62500000000000D-01  0.43750000000000D+00  0.31250000000000D+00
            0.18750000000000D+00  0.43750000000000D+00  0.31250000000000D+00
            0.31250000000000D+00  0.43750000000000D+00  0.31250000000000D+00
            0.43750000000000D+00  0.43750000000000D+00  0.31250000000000D+00
           -0.43750000000000D+00  0.43750000000000D+00  0.31250000000000D+00
           -0.31250000000000D+00  0.43750000000000D+00  0.31250000000000D+00
           -0.18750000000000D+00  0.43750000000000D+00  0.31250000000000D+00
           -0.62500000000000D-01  0.43750000000000D+00  0.31250000000000D+00
            0.62500000000000D-01 -0.43750000000000D+00  0.31250000000000D+00
            0.18750000000000D+00 -0.43750000000000D+00  0.31250000000000D+00
            0.31250000000000D+00 -0.43750000000000D+00  0.31250000000000D+00
            0.43750000000000D+00 -0.43750000000000D+00  0.31250000000000D+00
           -0.43750000000000D+00 -0.43750000000000D+00  0.31250000000000D+00
           -0.31250000000000D+00 -0.43750000000000D+00  0.31250000000000D+00
           -0.18750000000000D+00 -0.43750000000000D+00  0.31250000000000D+00
           -0.62500000000000D-01 -0.43750000000000D+00  0.31250000000000D+00
            0.62500000000000D-01 -0.31250000000000D+00  0.31250000000000D+00
            0.18750000000000D+00 -0.31250000000000D+00  0.31250000000000D+00
            0.31250000000000D+00 -0.31250000000000D+00  0.31250000000000D+00
            0.43750000000000D+00 -0.31250000000000D+00  0.31250000000000D+00
           -0.43750000000000D+00 -0.31250000000000D+00  0.31250000000000D+00
           -0.31250000000000D+00 -0.31250000000000D+00  0.31250000000000D+00
           -0.18750000000000D+00 -0.31250000000000D+00  0.31250000000000D+00
           -0.62500000000000D-01 -0.31250000000000D+00  0.31250000000000D+00
            0.62500000000000D-01 -0.18750000000000D+00  0.31250000000000D+00
            0.18750000000000D+00 -0.18750000000000D+00  0.31250000000000D+00
            0.31250000000000D+00 -0.18750000000000D+00  0.31250000000000D+00
            0.43750000000000D+00 -0.18750000000000D+00  0.31250000000000D+00
           -0.43750000000000D+00 -0.18750000000000D+00  0.31250000000000D+00
           -0.31250000000000D+00 -0.18750000000000D+00  0.31250000000000D+00
           -0.18750000000000D+00 -0.18750000000000D+00  0.31250000000000D+00
           -0.62500000000000D-01 -0.18750000000000D+00  0.31250000000000D+00
            0.62500000000000D-01 -0.62500000000000D-01  0.31250000000000D+00
            0.18750000000000D+00 -0.62500000000000D-01  0.31250000000000D+00
            0.31250000000000D+00 -0.62500000000000D-01  0.31250000000000D+00
            0.43750000000000D+00 -0.62500000000000D-01  0.31250000000000D+00
           -0.43750000000000D+00 -0.62500000000000D-01  0.31250000000000D+00
           -0.31250000000000D+00 -0.62500000000000D-01  0.31250000000000D+00
           -0.18750000000000D+00 -0.62500000000000D-01  0.31250000000000D+00
           -0.62500000000000D-01 -0.62500000000000D-01  0.31250000000000D+00
            0.62500000000000D-01  0.62500000000000D-01  0.43750000000000D+00
            0.18750000000000D+00  0.62500000000000D-01  0.43750000000000D+00
            0.31250000000000D+00  0.62500000000000D-01  0.43750000000000D+00
            0.43750000000000D+00  0.62500000000000D-01  0.43750000000000D+00
           -0.43750000000000D+00  0.62500000000000D-01  0.43750000000000D+00
           -0.31250000000000D+00  0.62500000000000D-01  0.43750000000000D+00
           -0.18750000000000D+00  0.62500000000000D-01  0.43750000000000D+00
           -0.62500000000000D-01  0.62500000000000D-01  0.43750000000000D+00
            0.62500000000000D-01  0.18750000000000D+00  0.43750000000000D+00
            0.18750000000000D+00  0.18750000000000D+00  0.43750000000000D+00
            0.31250000000000D+00  0.18750000000000D+00  0.43750000000000D+00
            0.43750000000000D+00  0.18750000000000D+00  0.43750000000000D+00
           -0.43750000000000D+00  0.18750000000000D+00  0.43750000000000D+00
           -0.31250000000000D+00  0.18750000000000D+00  0.43750000000000D+00
           -0.18750000000000D+00  0.18750000000000D+00  0.43750000000000D+00
           -0.62500000000000D-01  0.18750000000000D+00  0.43750000000000D+00
            0.62500000000000D-01  0.31250000000000D+00  0.43750000000000D+00
            0.18750000000000D+00  0.31250000000000D+00  0.43750000000000D+00
            0.31250000000000D+00  0.31250000000000D+00  0.43750000000000D+00
            0.43750000000000D+00  0.31250000000000D+00  0.43750000000000D+00
           -0.43750000000000D+00  0.31250000000000D+00  0.43750000000000D+00
           -0.31250000000000D+00  0.31250000000000D+00  0.43750000000000D+00
           -0.18750000000000D+00  0.31250000000000D+00  0.43750000000000D+00
           -0.62500000000000D-01  0.31250000000000D+00  0.43750000000000D+00
            0.62500000000000D-01  0.43750000000000D+00  0.43750000000000D+00
            0.18750000000000D+00  0.43750000000000D+00  0.43750000000000D+00
            0.31250000000000D+00  0.43750000000000D+00  0.43750000000000D+00
            0.43750000000000D+00  0.43750000000000D+00  0.43750000000000D+00
           -0.43750000000000D+00  0.43750000000000D+00  0.43750000000000D+00
           -0.31250000000000D+00  0.43750000000000D+00  0.43750000000000D+00
           -0.18750000000000D+00  0.43750000000000D+00  0.43750000000000D+00
           -0.62500000000000D-01  0.43750000000000D+00  0.43750000000000D+00
            0.62500000000000D-01 -0.43750000000000D+00  0.43750000000000D+00
            0.18750000000000D+00 -0.43750000000000D+00  0.43750000000000D+00
            0.31250000000000D+00 -0.43750000000000D+00  0.43750000000000D+00
            0.43750000000000D+00 -0.43750000000000D+00  0.43750000000000D+00
           -0.43750000000000D+00 -0.43750000000000D+00  0.43750000000000D+00
           -0.31250000000000D+00 -0.43750000000000D+00  0.43750000000000D+00
           -0.18750000000000D+00 -0.43750000000000D+00  0.43750000000000D+00
           -0.62500000000000D-01 -0.43750000000000D+00  0.43750000000000D+00
            0.62500000000000D-01 -0.31250000000000D+00  0.43750000000000D+00
            0.18750000000000D+00 -0.31250000000000D+00  0.43750000000000D+00
            0.31250000000000D+00 -0.31250000000000D+00  0.43750000000000D+00
            0.43750000000000D+00 -0.31250000000000D+00  0.43750000000000D+00
           -0.43750000000000D+00 -0.31250000000000D+00  0.43750000000000D+00
           -0.31250000000000D+00 -0.31250000000000D+00  0.43750000000000D+00
           -0.18750000000000D+00 -0.31250000000000D+00  0.43750000000000D+00
           -0.62500000000000D-01 -0.31250000000000D+00  0.43750000000000D+00
            0.62500000000000D-01 -0.18750000000000D+00  0.43750000000000D+00
            0.18750000000000D+00 -0.18750000000000D+00  0.43750000000000D+00
            0.31250000000000D+00 -0.18750000000000D+00  0.43750000000000D+00
            0.43750000000000D+00 -0.18750000000000D+00  0.43750000000000D+00
           -0.43750000000000D+00 -0.18750000000000D+00  0.43750000000000D+00
           -0.31250000000000D+00 -0.18750000000000D+00  0.43750000000000D+00
           -0.18750000000000D+00 -0.18750000000000D+00  0.43750000000000D+00
           -0.62500000000000D-01 -0.18750000000000D+00  0.43750000000000D+00
            0.62500000000000D-01 -0.62500000000000D-01  0.43750000000000D+00
            0.18750000000000D+00 -0.62500000000000D-01  0.43750000000000D+00
            0.31250000000000D+00 -0.62500000000000D-01  0.43750000000000D+00
            0.43750000000000D+00 -0.62500000000000D-01  0.43750000000000D+00
           -0.43750000000000D+00 -0.62500000000000D-01  0.43750000000000D+00
           -0.31250000000000D+00 -0.62500000000000D-01  0.43750000000000D+00
           -0.18750000000000D+00 -0.62500000000000D-01  0.43750000000000D+00
           -0.62500000000000D-01 -0.62500000000000D-01  0.43750000000000D+00
            0.62500000000000D-01  0.62500000000000D-01 -0.43750000000000D+00
            0.18750000000000D+00  0.62500000000000D-01 -0.43750000000000D+00
            0.31250000000000D+00  0.62500000000000D-01 -0.43750000000000D+00
            0.43750000000000D+00  0.62500000000000D-01 -0.43750000000000D+00
           -0.43750000000000D+00  0.62500000000000D-01 -0.43750000000000D+00
           -0.31250000000000D+00  0.62500000000000D-01 -0.43750000000000D+00
           -0.18750000000000D+00  0.62500000000000D-01 -0.43750000000000D+00
           -0.62500000000000D-01  0.62500000000000D-01 -0.43750000000000D+00
            0.62500000000000D-01  0.18750000000000D+00 -0.43750000000000D+00
            0.18750000000000D+00  0.18750000000000D+00 -0.43750000000000D+00
            0.31250000000000D+00  0.18750000000000D+00 -0.43750000000000D+00
            0.43750000000000D+00  0.18750000000000D+00 -0.43750000000000D+00
           -0.43750000000000D+00  0.18750000000000D+00 -0.43750000000000D+00
           -0.31250000000000D+00  0.18750000000000D+00 -0.43750000000000D+00
           -0.18750000000000D+00  0.18750000000000D+00 -0.43750000000000D+00
           -0.62500000000000D-01  0.18750000000000D+00 -0.43750000000000D+00
            0.62500000000000D-01  0.31250000000000D+00 -0.43750000000000D+00
            0.18750000000000D+00  0.31250000000000D+00 -0.43750000000000D+00
            0.31250000000000D+00  0.31250000000000D+00 -0.43750000000000D+00
            0.43750000000000D+00  0.31250000000000D+00 -0.43750000000000D+00
           -0.43750000000000D+00  0.31250000000000D+00 -0.43750000000000D+00
           -0.31250000000000D+00  0.31250000000000D+00 -0.43750000000000D+00
           -0.18750000000000D+00  0.31250000000000D+00 -0.43750000000000D+00
           -0.62500000000000D-01  0.31250000000000D+00 -0.43750000000000D+00
            0.62500000000000D-01  0.43750000000000D+00 -0.43750000000000D+00
            0.18750000000000D+00  0.43750000000000D+00 -0.43750000000000D+00
            0.31250000000000D+00  0.43750000000000D+00 -0.43750000000000D+00
            0.43750000000000D+00  0.43750000000000D+00 -0.43750000000000D+00
           -0.43750000000000D+00  0.43750000000000D+00 -0.43750000000000D+00
           -0.31250000000000D+00  0.43750000000000D+00 -0.43750000000000D+00
           -0.18750000000000D+00  0.43750000000000D+00 -0.43750000000000D+00
           -0.62500000000000D-01  0.43750000000000D+00 -0.43750000000000D+00
            0.62500000000000D-01 -0.43750000000000D+00 -0.43750000000000D+00
            0.18750000000000D+00 -0.43750000000000D+00 -0.43750000000000D+00
            0.31250000000000D+00 -0.43750000000000D+00 -0.43750000000000D+00
            0.43750000000000D+00 -0.43750000000000D+00 -0.43750000000000D+00
           -0.43750000000000D+00 -0.43750000000000D+00 -0.43750000000000D+00
           -0.31250000000000D+00 -0.43750000000000D+00 -0.43750000000000D+00
           -0.18750000000000D+00 -0.43750000000000D+00 -0.43750000000000D+00
           -0.62500000000000D-01 -0.43750000000000D+00 -0.43750000000000D+00
            0.62500000000000D-01 -0.31250000000000D+00 -0.43750000000000D+00
            0.18750000000000D+00 -0.31250000000000D+00 -0.43750000000000D+00
            0.31250000000000D+00 -0.31250000000000D+00 -0.43750000000000D+00
            0.43750000000000D+00 -0.31250000000000D+00 -0.43750000000000D+00
           -0.43750000000000D+00 -0.31250000000000D+00 -0.43750000000000D+00
           -0.31250000000000D+00 -0.31250000000000D+00 -0.43750000000000D+00
           -0.18750000000000D+00 -0.31250000000000D+00 -0.43750000000000D+00
           -0.62500000000000D-01 -0.31250000000000D+00 -0.43750000000000D+00
            0.62500000000000D-01 -0.18750000000000D+00 -0.43750000000000D+00
            0.18750000000000D+00 -0.18750000000000D+00 -0.43750000000000D+00
            0.31250000000000D+00 -0.18750000000000D+00 -0.43750000000000D+00
            0.43750000000000D+00 -0.18750000000000D+00 -0.43750000000000D+00
           -0.43750000000000D+00 -0.18750000000000D+00 -0.43750000000000D+00
           -0.31250000000000D+00 -0.18750000000000D+00 -0.43750000000000D+00
           -0.18750000000000D+00 -0.18750000000000D+00 -0.43750000000000D+00
           -0.62500000000000D-01 -0.18750000000000D+00 -0.43750000000000D+00
            0.62500000000000D-01 -0.62500000000000D-01 -0.43750000000000D+00
            0.18750000000000D+00 -0.62500000000000D-01 -0.43750000000000D+00
            0.31250000000000D+00 -0.62500000000000D-01 -0.43750000000000D+00
            0.43750000000000D+00 -0.62500000000000D-01 -0.43750000000000D+00
           -0.43750000000000D+00 -0.62500000000000D-01 -0.43750000000000D+00
           -0.31250000000000D+00 -0.62500000000000D-01 -0.43750000000000D+00
           -0.18750000000000D+00 -0.62500000000000D-01 -0.43750000000000D+00
           -0.62500000000000D-01 -0.62500000000000D-01 -0.43750000000000D+00
            0.62500000000000D-01  0.62500000000000D-01 -0.31250000000000D+00
            0.18750000000000D+00  0.62500000000000D-01 -0.31250000000000D+00
            0.31250000000000D+00  0.62500000000000D-01 -0.31250000000000D+00
            0.43750000000000D+00  0.62500000000000D-01 -0.31250000000000D+00
           -0.43750000000000D+00  0.62500000000000D-01 -0.31250000000000D+00
           -0.31250000000000D+00  0.62500000000000D-01 -0.31250000000000D+00
           -0.18750000000000D+00  0.62500000000000D-01 -0.31250000000000D+00
           -0.62500000000000D-01  0.62500000000000D-01 -0.31250000000000D+00
            0.62500000000000D-01  0.18750000000000D+00 -0.31250000000000D+00
            0.18750000000000D+00  0.18750000000000D+00 -0.31250000000000D+00
            0.31250000000000D+00  0.18750000000000D+00 -0.31250000000000D+00
            0.43750000000000D+00  0.18750000000000D+00 -0.31250000000000D+00
           -0.43750000000000D+00  0.18750000000000D+00 -0.31250000000000D+00
           -0.31250000000000D+00  0.18750000000000D+00 -0.31250000000000D+00
           -0.18750000000000D+00  0.18750000000000D+00 -0.31250000000000D+00
           -0.62500000000000D-01  0.18750000000000D+00 -0.31250000000000D+00
            0.62500000000000D-01  0.31250000000000D+00 -0.31250000000000D+00
            0.18750000000000D+00  0.31250000000000D+00 -0.31250000000000D+00
            0.31250000000000D+00  0.31250000000000D+00 -0.31250000000000D+00
            0.43750000000000D+00  0.31250000000000D+00 -0.31250000000000D+00
           -0.43750000000000D+00  0.31250000000000D+00 -0.31250000000000D+00
           -0.31250000000000D+00  0.31250000000000D+00 -0.31250000000000D+00
           -0.18750000000000D+00  0.31250000000000D+00 -0.31250000000000D+00
           -0.62500000000000D-01  0.31250000000000D+00 -0.31250000000000D+00
            0.62500000000000D-01  0.43750000000000D+00 -0.31250000000000D+00
            0.18750000000000D+00  0.43750000000000D+00 -0.31250000000000D+00
            0.31250000000000D+00  0.43750000000000D+00 -0.31250000000000D+00
            0.43750000000000D+00  0.43750000000000D+00 -0.31250000000000D+00
           -0.43750000000000D+00  0.43750000000000D+00 -0.31250000000000D+00
           -0.31250000000000D+00  0.43750000000000D+00 -0.31250000000000D+00
           -0.18750000000000D+00  0.43750000000000D+00 -0.31250000000000D+00
           -0.62500000000000D-01  0.43750000000000D+00 -0.31250000000000D+00
            0.62500000000000D-01 -0.43750000000000D+00 -0.31250000000000D+00
            0.18750000000000D+00 -0.43750000000000D+00 -0.31250000000000D+00
            0.31250000000000D+00 -0.43750000000000D+00 -0.31250000000000D+00
            0.43750000000000D+00 -0.43750000000000D+00 -0.31250000000000D+00
           -0.43750000000000D+00 -0.43750000000000D+00 -0.31250000000000D+00
           -0.31250000000000D+00 -0.43750000000000D+00 -0.31250000000000D+00
           -0.18750000000000D+00 -0.43750000000000D+00 -0.31250000000000D+00
           -0.62500000000000D-01 -0.43750000000000D+00 -0.31250000000000D+00
            0.62500000000000D-01 -0.31250000000000D+00 -0.31250000000000D+00
            0.18750000000000D+00 -0.31250000000000D+00 -0.31250000000000D+00
            0.31250000000000D+00 -0.31250000000000D+00 -0.31250000000000D+00
            0.43750000000000D+00 -0.31250000000000D+00 -0.31250000000000D+00
           -0.43750000000000D+00 -0.31250000000000D+00 -0.31250000000000D+00
           -0.31250000000000D+00 -0.31250000000000D+00 -0.31250000000000D+00
           -0.18750000000000D+00 -0.31250000000000D+00 -0.31250000000000D+00
           -0.62500000000000D-01 -0.31250000000000D+00 -0.31250000000000D+00
            0.62500000000000D-01 -0.18750000000000D+00 -0.31250000000000D+00
            0.18750000000000D+00 -0.18750000000000D+00 -0.31250000000000D+00
            0.31250000000000D+00 -0.18750000000000D+00 -0.31250000000000D+00
            0.43750000000000D+00 -0.18750000000000D+00 -0.31250000000000D+00
           -0.43750000000000D+00 -0.18750000000000D+00 -0.31250000000000D+00
           -0.31250000000000D+00 -0.18750000000000D+00 -0.31250000000000D+00
           -0.18750000000000D+00 -0.18750000000000D+00 -0.31250000000000D+00
           -0.62500000000000D-01 -0.18750000000000D+00 -0.31250000000000D+00
            0.62500000000000D-01 -0.62500000000000D-01 -0.31250000000000D+00
            0.18750000000000D+00 -0.62500000000000D-01 -0.31250000000000D+00
            0.31250000000000D+00 -0.62500000000000D-01 -0.31250000000000D+00
            0.43750000000000D+00 -0.62500000000000D-01 -0.31250000000000D+00
           -0.43750000000000D+00 -0.62500000000000D-01 -0.31250000000000D+00
           -0.31250000000000D+00 -0.62500000000000D-01 -0.31250000000000D+00
           -0.18750000000000D+00 -0.62500000000000D-01 -0.31250000000000D+00
           -0.62500000000000D-01 -0.62500000000000D-01 -0.31250000000000D+00
            0.62500000000000D-01  0.62500000000000D-01 -0.18750000000000D+00
            0.18750000000000D+00  0.62500000000000D-01 -0.18750000000000D+00
            0.31250000000000D+00  0.62500000000000D-01 -0.18750000000000D+00
            0.43750000000000D+00  0.62500000000000D-01 -0.18750000000000D+00
           -0.43750000000000D+00  0.62500000000000D-01 -0.18750000000000D+00
           -0.31250000000000D+00  0.62500000000000D-01 -0.18750000000000D+00
           -0.18750000000000D+00  0.62500000000000D-01 -0.18750000000000D+00
           -0.62500000000000D-01  0.62500000000000D-01 -0.18750000000000D+00
            0.62500000000000D-01  0.18750000000000D+00 -0.18750000000000D+00
            0.18750000000000D+00  0.18750000000000D+00 -0.18750000000000D+00
            0.31250000000000D+00  0.18750000000000D+00 -0.18750000000000D+00
            0.43750000000000D+00  0.18750000000000D+00 -0.18750000000000D+00
           -0.43750000000000D+00  0.18750000000000D+00 -0.18750000000000D+00
           -0.31250000000000D+00  0.18750000000000D+00 -0.18750000000000D+00
           -0.18750000000000D+00  0.18750000000000D+00 -0.18750000000000D+00
           -0.62500000000000D-01  0.18750000000000D+00 -0.18750000000000D+00
            0.62500000000000D-01  0.31250000000000D+00 -0.18750000000000D+00
            0.18750000000000D+00  0.31250000000000D+00 -0.18750000000000D+00
            0.31250000000000D+00  0.31250000000000D+00 -0.18750000000000D+00
            0.43750000000000D+00  0.31250000000000D+00 -0.18750000000000D+00
           -0.43750000000000D+00  0.31250000000000D+00 -0.18750000000000D+00
           -0.31250000000000D+00  0.31250000000000D+00 -0.18750000000000D+00
           -0.18750000000000D+00  0.31250000000000D+00 -0.18750000000000D+00
           -0.62500000000000D-01  0.31250000000000D+00 -0.18750000000000D+00
            0.62500000000000D-01  0.43750000000000D+00 -0.18750000000000D+00
            0.18750000000000D+00  0.43750000000000D+00 -0.18750000000000D+00
            0.31250000000000D+00  0.43750000000000D+00 -0.18750000000000D+00
            0.43750000000000D+00  0.43750000000000D+00 -0.18750000000000D+00
           -0.43750000000000D+00  0.43750000000000D+00 -0.18750000000000D+00
           -0.31250000000000D+00  0.43750000000000D+00 -0.18750000000000D+00
           -0.18750000000000D+00  0.43750000000000D+00 -0.18750000000000D+00
           -0.62500000000000D-01  0.43750000000000D+00 -0.18750000000000D+00
            0.62500000000000D-01 -0.43750000000000D+00 -0.18750000000000D+00
            0.18750000000000D+00 -0.43750000000000D+00 -0.18750000000000D+00
            0.31250000000000D+00 -0.43750000000000D+00 -0.18750000000000D+00
            0.43750000000000D+00 -0.43750000000000D+00 -0.18750000000000D+00
           -0.43750000000000D+00 -0.43750000000000D+00 -0.18750000000000D+00
           -0.31250000000000D+00 -0.43750000000000D+00 -0.18750000000000D+00
           -0.18750000000000D+00 -0.43750000000000D+00 -0.18750000000000D+00
           -0.62500000000000D-01 -0.43750000000000D+00 -0.18750000000000D+00
            0.62500000000000D-01 -0.31250000000000D+00 -0.18750000000000D+00
            0.18750000000000D+00 -0.31250000000000D+00 -0.18750000000000D+00
            0.31250000000000D+00 -0.31250000000000D+00 -0.18750000000000D+00
            0.43750000000000D+00 -0.31250000000000D+00 -0.18750000000000D+00
           -0.43750000000000D+00 -0.31250000000000D+00 -0.18750000000000D+00
           -0.31250000000000D+00 -0.31250000000000D+00 -0.18750000000000D+00
           -0.18750000000000D+00 -0.31250000000000D+00 -0.18750000000000D+00
           -0.62500000000000D-01 -0.31250000000000D+00 -0.18750000000000D+00
            0.62500000000000D-01 -0.18750000000000D+00 -0.18750000000000D+00
            0.18750000000000D+00 -0.18750000000000D+00 -0.18750000000000D+00
            0.31250000000000D+00 -0.18750000000000D+00 -0.18750000000000D+00
            0.43750000000000D+00 -0.18750000000000D+00 -0.18750000000000D+00
           -0.43750000000000D+00 -0.18750000000000D+00 -0.18750000000000D+00
           -0.31250000000000D+00 -0.18750000000000D+00 -0.18750000000000D+00
           -0.18750000000000D+00 -0.18750000000000D+00 -0.18750000000000D+00
           -0.62500000000000D-01 -0.18750000000000D+00 -0.18750000000000D+00
            0.62500000000000D-01 -0.62500000000000D-01 -0.18750000000000D+00
            0.18750000000000D+00 -0.62500000000000D-01 -0.18750000000000D+00
            0.31250000000000D+00 -0.62500000000000D-01 -0.18750000000000D+00
            0.43750000000000D+00 -0.62500000000000D-01 -0.18750000000000D+00
           -0.43750000000000D+00 -0.62500000000000D-01 -0.18750000000000D+00
           -0.31250000000000D+00 -0.62500000000000D-01 -0.18750000000000D+00
           -0.18750000000000D+00 -0.62500000000000D-01 -0.18750000000000D+00
           -0.62500000000000D-01 -0.62500000000000D-01 -0.18750000000000D+00
            0.62500000000000D-01  0.62500000000000D-01 -0.62500000000000D-01
            0.18750000000000D+00  0.62500000000000D-01 -0.62500000000000D-01
            0.31250000000000D+00  0.62500000000000D-01 -0.62500000000000D-01
            0.43750000000000D+00  0.62500000000000D-01 -0.62500000000000D-01
           -0.43750000000000D+00  0.62500000000000D-01 -0.62500000000000D-01
           -0.31250000000000D+00  0.62500000000000D-01 -0.62500000000000D-01
           -0.18750000000000D+00  0.62500000000000D-01 -0.62500000000000D-01
           -0.62500000000000D-01  0.62500000000000D-01 -0.62500000000000D-01
            0.62500000000000D-01  0.18750000000000D+00 -0.62500000000000D-01
            0.18750000000000D+00  0.18750000000000D+00 -0.62500000000000D-01
            0.31250000000000D+00  0.18750000000000D+00 -0.62500000000000D-01
            0.43750000000000D+00  0.18750000000000D+00 -0.62500000000000D-01
           -0.43750000000000D+00  0.18750000000000D+00 -0.62500000000000D-01
           -0.31250000000000D+00  0.18750000000000D+00 -0.62500000000000D-01
           -0.18750000000000D+00  0.18750000000000D+00 -0.62500000000000D-01
           -0.62500000000000D-01  0.18750000000000D+00 -0.62500000000000D-01
            0.62500000000000D-01  0.31250000000000D+00 -0.62500000000000D-01
            0.18750000000000D+00  0.31250000000000D+00 -0.62500000000000D-01
            0.31250000000000D+00  0.31250000000000D+00 -0.62500000000000D-01
            0.43750000000000D+00  0.31250000000000D+00 -0.62500000000000D-01
           -0.43750000000000D+00  0.31250000000000D+00 -0.62500000000000D-01
           -0.31250000000000D+00  0.31250000000000D+00 -0.62500000000000D-01
           -0.18750000000000D+00  0.31250000000000D+00 -0.62500000000000D-01
           -0.62500000000000D-01  0.31250000000000D+00 -0.62500000000000D-01
            0.62500000000000D-01  0.43750000000000D+00 -0.62500000000000D-01
            0.18750000000000D+00  0.43750000000000D+00 -0.62500000000000D-01
            0.31250000000000D+00  0.43750000000000D+00 -0.62500000000000D-01
            0.43750000000000D+00  0.43750000000000D+00 -0.62500000000000D-01
           -0.43750000000000D+00  0.43750000000000D+00 -0.62500000000000D-01
           -0.31250000000000D+00  0.43750000000000D+00 -0.62500000000000D-01
           -0.18750000000000D+00  0.43750000000000D+00 -0.62500000000000D-01
           -0.62500000000000D-01  0.43750000000000D+00 -0.62500000000000D-01
            0.62500000000000D-01 -0.43750000000000D+00 -0.62500000000000D-01
            0.18750000000000D+00 -0.43750000000000D+00 -0.62500000000000D-01
            0.31250000000000D+00 -0.43750000000000D+00 -0.62500000000000D-01
            0.43750000000000D+00 -0.43750000000000D+00 -0.62500000000000D-01
           -0.43750000000000D+00 -0.43750000000000D+00 -0.62500000000000D-01
           -0.31250000000000D+00 -0.43750000000000D+00 -0.62500000000000D-01
           -0.18750000000000D+00 -0.43750000000000D+00 -0.62500000000000D-01
           -0.62500000000000D-01 -0.43750000000000D+00 -0.62500000000000D-01
            0.62500000000000D-01 -0.31250000000000D+00 -0.62500000000000D-01
            0.18750000000000D+00 -0.31250000000000D+00 -0.62500000000000D-01
            0.31250000000000D+00 -0.31250000000000D+00 -0.62500000000000D-01
            0.43750000000000D+00 -0.31250000000000D+00 -0.62500000000000D-01
           -0.43750000000000D+00 -0.31250000000000D+00 -0.62500000000000D-01
           -0.31250000000000D+00 -0.31250000000000D+00 -0.62500000000000D-01
           -0.18750000000000D+00 -0.31250000000000D+00 -0.62500000000000D-01
           -0.62500000000000D-01 -0.31250000000000D+00 -0.62500000000000D-01
            0.62500000000000D-01 -0.18750000000000D+00 -0.62500000000000D-01
            0.18750000000000D+00 -0.18750000000000D+00 -0.62500000000000D-01
            0.31250000000000D+00 -0.18750000000000D+00 -0.62500000000000D-01
            0.43750000000000D+00 -0.18750000000000D+00 -0.62500000000000D-01
           -0.43750000000000D+00 -0.18750000000000D+00 -0.62500000000000D-01
           -0.31250000000000D+00 -0.18750000000000D+00 -0.62500000000000D-01
           -0.18750000000000D+00 -0.18750000000000D+00 -0.62500000000000D-01
           -0.62500000000000D-01 -0.18750000000000D+00 -0.62500000000000D-01
            0.62500000000000D-01 -0.62500000000000D-01 -0.62500000000000D-01
            0.18750000000000D+00 -0.62500000000000D-01 -0.62500000000000D-01
            0.31250000000000D+00 -0.62500000000000D-01 -0.62500000000000D-01
            0.43750000000000D+00 -0.62500000000000D-01 -0.62500000000000D-01
           -0.43750000000000D+00 -0.62500000000000D-01 -0.62500000000000D-01
           -0.31250000000000D+00 -0.62500000000000D-01 -0.62500000000000D-01
           -0.18750000000000D+00 -0.62500000000000D-01 -0.62500000000000D-01
           -0.62500000000000D-01 -0.62500000000000D-01 -0.62500000000000D-01
    kptnrm  0.10000000000000D+01
     ngfft        45   45   45
    nspden         1
   nspinor         1
       occ  0.20000000000000D+01  0.20000000000000D+01  0.20000000000000D+01
            0.20000000000000D+01  0.20000000000000D+01  0.20000000000000D+01
            0.20000000000000D+01  0.20000000000000D+01  0.20000000000000D+01
            0.20000000000000D+01  0.20000000000000D+01  0.20000000000000D+01
            0.20000000000000D+01  0.20000000000000D+01  0.20000000000000D+01
            0.20000000000000D+01  0.20000000000000D+01  0.20000000000000D+01
            0.20000000000000D+01  0.20000000000000D+01
     rprim  0.10000000000000D+01  0.00000000000000D+00  0.00000000000000D+00
            0.00000000000000D+00  0.10000000000000D+01  0.00000000000000D+00
            0.00000000000000D+00  0.00000000000000D+00  0.10000000000000D+01
     sciss  0.00000000000000D+00
    spinat  0.00000000000000D+00  0.00000000000000D+00  0.00000000000000D+00
            0.00000000000000D+00  0.00000000000000D+00  0.00000000000000D+00
            0.00000000000000D+00  0.00000000000000D+00  0.00000000000000D+00
            0.00000000000000D+00  0.00000000000000D+00  0.00000000000000D+00
            0.00000000000000D+00  0.00000000000000D+00  0.00000000000000D+00
    symafm         1    1    1    1    1    1    1    1    1    1    1    1
                   1    1    1    1    1    1    1    1    1    1    1    1
                   1    1    1    1    1    1    1    1    1    1    1    1
                   1    1    1    1    1    1    1    1    1    1    1    1
    symrel         1    0    0    0    1    0    0    0    1
                  -1    0    0    0   -1    0    0    0   -1
                  -1    0    0    0    1    0    0    0   -1
                   1    0    0    0   -1    0    0    0    1
                  -1    0    0    0   -1    0    0    0    1
                   1    0    0    0    1    0    0    0   -1
                   1    0    0    0   -1    0    0    0   -1
                  -1    0    0    0    1    0    0    0    1
                   0    1    0    1    0    0    0    0    1
                   0   -1    0   -1    0    0    0    0   -1
                   0   -1    0    1    0    0    0    0   -1
                   0    1    0   -1    0    0    0    0    1
                   0   -1    0   -1    0    0    0    0    1
                   0    1    0    1    0    0    0    0   -1
                   0    1    0   -1    0    0    0    0   -1
                   0   -1    0    1    0    0    0    0    1
                   0    0    1    1    0    0    0    1    0
                   0    0   -1   -1    0    0    0   -1    0
                   0    0   -1    1    0    0    0   -1    0
                   0    0    1   -1    0    0    0    1    0
                   0    0   -1   -1    0    0    0    1    0
                   0    0    1    1    0    0    0   -1    0
                   0    0    1   -1    0    0    0   -1    0
                   0    0   -1    1    0    0    0    1    0
                   1    0    0    0    0    1    0    1    0
                  -1    0    0    0    0   -1    0   -1    0
                  -1    0    0    0    0    1    0   -1    0
                   1    0    0    0    0   -1    0    1    0
                  -1    0    0    0    0   -1    0    1    0
                   1    0    0    0    0    1    0   -1    0
                   1    0    0    0    0   -1    0   -1    0
                  -1    0    0    0    0    1    0    1    0
                   0    1    0    0    0    1    1    0    0
                   0   -1    0    0    0   -1   -1    0    0
                   0   -1    0    0    0    1   -1    0    0
                   0    1    0    0    0   -1    1    0    0
                   0   -1    0    0    0   -1    1    0    0
                   0    1    0    0    0    1   -1    0    0
                   0    1    0    0    0   -1   -1    0    0
                   0   -1    0    0    0    1    1    0    0
                   0    0    1    0    1    0    1    0    0
                   0    0   -1    0   -1    0   -1    0    0
                   0    0   -1    0    1    0   -1    0    0
                   0    0    1    0   -1    0    1    0    0
                   0    0   -1    0   -1    0    1    0    0
                   0    0    1    0    1    0   -1    0    0
                   0    0    1    0   -1    0   -1    0    0
                   0    0   -1    0    1    0    1    0    0
     tnons  0.00000000000000D+00  0.00000000000000D+00  0.00000000000000D+00
            0.00000000000000D+00  0.00000000000000D+00  0.00000000000000D+00
            0.00000000000000D+00  0.00000000000000D+00  0.00000000000000D+00
            0.00000000000000D+00  0.00000000000000D+00  0.00000000000000D+00
            0.00000000000000D+00  0.00000000000000D+00  0.00000000000000D+00
            0.00000000000000D+00  0.00000000000000D+00  0.00000000000000D+00
            0.00000000000000D+00  0.00000000000000D+00  0.00000000000000D+00
            0.00000000000000D+00  0.00000000000000D+00  0.00000000000000D+00
            0.00000000000000D+00  0.00000000000000D+00  0.00000000000000D+00
            0.00000000000000D+00  0.00000000000000D+00  0.00000000000000D+00
            0.00000000000000D+00  0.00000000000000D+00  0.00000000000000D+00
            0.00000000000000D+00  0.00000000000000D+00  0.00000000000000D+00
            0.00000000000000D+00  0.00000000000000D+00  0.00000000000000D+00
            0.00000000000000D+00  0.00000000000000D+00  0.00000000000000D+00
            0.00000000000000D+00  0.00000000000000D+00  0.00000000000000D+00
            0.00000000000000D+00  0.00000000000000D+00  0.00000000000000D+00
            0.00000000000000D+00  0.00000000000000D+00  0.00000000000000D+00
            0.00000000000000D+00  0.00000000000000D+00  0.00000000000000D+00
            0.00000000000000D+00  0.00000000000000D+00  0.00000000000000D+00
            0.00000000000000D+00  0.00000000000000D+00  0.00000000000000D+00
            0.00000000000000D+00  0.00000000000000D+00  0.00000000000000D+00
            0.00000000000000D+00  0.00000000000000D+00  0.00000000000000D+00
            0.00000000000000D+00  0.00000000000000D+00  0.00000000000000D+00
            0.00000000000000D+00  0.00000000000000D+00  0.00000000000000D+00
            0.00000000000000D+00  0.00000000000000D+00  0.00000000000000D+00
            0.00000000000000D+00  0.00000000000000D+00  0.00000000000000D+00
            0.00000000000000D+00  0.00000000000000D+00  0.00000000000000D+00
            0.00000000000000D+00  0.00000000000000D+00  0.00000000000000D+00
            0.00000000000000D+00  0.00000000000000D+00  0.00000000000000D+00
            0.00000000000000D+00  0.00000000000000D+00  0.00000000000000D+00
            0.00000000000000D+00  0.00000000000000D+00  0.00000000000000D+00
            0.00000000000000D+00  0.00000000000000D+00  0.00000000000000D+00
            0.00000000000000D+00  0.00000000000000D+00  0.00000000000000D+00
            0.00000000000000D+00  0.00000000000000D+00  0.00000000000000D+00
            0.00000000000000D+00  0.00000000000000D+00  0.00000000000000D+00
            0.00000000000000D+00  0.00000000000000D+00  0.00000000000000D+00
            0.00000000000000D+00  0.00000000000000D+00  0.00000000000000D+00
            0.00000000000000D+00  0.00000000000000D+00  0.00000000000000D+00
            0.00000000000000D+00  0.00000000000000D+00  0.00000000000000D+00
            0.00000000000000D+00  0.00000000000000D+00  0.00000000000000D+00
            0.00000000000000D+00  0.00000000000000D+00  0.00000000000000D+00
            0.00000000000000D+00  0.00000000000000D+00  0.00000000000000D+00
            0.00000000000000D+00  0.00000000000000D+00  0.00000000000000D+00
            0.00000000000000D+00  0.00000000000000D+00  0.00000000000000D+00
            0.00000000000000D+00  0.00000000000000D+00  0.00000000000000D+00
            0.00000000000000D+00  0.00000000000000D+00  0.00000000000000D+00
            0.00000000000000D+00  0.00000000000000D+00  0.00000000000000D+00
            0.00000000000000D+00  0.00000000000000D+00  0.00000000000000D+00
    tolwfr  0.10000000000000D+01
   tphysel  0.00000000000000D+00
    tsmear  0.40000000000000D-01
     typat         1    2    3    3    3
       wtk  0.19531250000000D-02  0.19531250000000D-02  0.19531250000000D-02
            0.19531250000000D-02  0.19531250000000D-02  0.19531250000000D-02
            0.19531250000000D-02  0.19531250000000D-02  0.19531250000000D-02
            0.19531250000000D-02  0.19531250000000D-02  0.19531250000000D-02
            0.19531250000000D-02  0.19531250000000D-02  0.19531250000000D-02
            0.19531250000000D-02  0.19531250000000D-02  0.19531250000000D-02
            0.19531250000000D-02  0.19531250000000D-02  0.19531250000000D-02
            0.19531250000000D-02  0.19531250000000D-02  0.19531250000000D-02
            0.19531250000000D-02  0.19531250000000D-02  0.19531250000000D-02
            0.19531250000000D-02  0.19531250000000D-02  0.19531250000000D-02
            0.19531250000000D-02  0.19531250000000D-02  0.19531250000000D-02
            0.19531250000000D-02  0.19531250000000D-02  0.19531250000000D-02
            0.19531250000000D-02  0.19531250000000D-02  0.19531250000000D-02
            0.19531250000000D-02  0.19531250000000D-02  0.19531250000000D-02
            0.19531250000000D-02  0.19531250000000D-02  0.19531250000000D-02
            0.19531250000000D-02  0.19531250000000D-02  0.19531250000000D-02
            0.19531250000000D-02  0.19531250000000D-02  0.19531250000000D-02
            0.19531250000000D-02  0.19531250000000D-02  0.19531250000000D-02
            0.19531250000000D-02  0.19531250000000D-02  0.19531250000000D-02
            0.19531250000000D-02  0.19531250000000D-02  0.19531250000000D-02
            0.19531250000000D-02  0.19531250000000D-02  0.19531250000000D-02
            0.19531250000000D-02  0.19531250000000D-02  0.19531250000000D-02
            0.19531250000000D-02  0.19531250000000D-02  0.19531250000000D-02
            0.19531250000000D-02  0.19531250000000D-02  0.19531250000000D-02
            0.19531250000000D-02  0.19531250000000D-02  0.19531250000000D-02
            0.19531250000000D-02  0.19531250000000D-02  0.19531250000000D-02
            0.19531250000000D-02  0.19531250000000D-02  0.19531250000000D-02
            0.19531250000000D-02  0.19531250000000D-02  0.19531250000000D-02
            0.19531250000000D-02  0.19531250000000D-02  0.19531250000000D-02
            0.19531250000000D-02  0.19531250000000D-02  0.19531250000000D-02
            0.19531250000000D-02  0.19531250000000D-02  0.19531250000000D-02
            0.19531250000000D-02  0.19531250000000D-02  0.19531250000000D-02
            0.19531250000000D-02  0.19531250000000D-02  0.19531250000000D-02
            0.19531250000000D-02  0.19531250000000D-02  0.19531250000000D-02
            0.19531250000000D-02  0.19531250000000D-02  0.19531250000000D-02
            0.19531250000000D-02  0.19531250000000D-02  0.19531250000000D-02
            0.19531250000000D-02  0.19531250000000D-02  0.19531250000000D-02
            0.19531250000000D-02  0.19531250000000D-02  0.19531250000000D-02
            0.19531250000000D-02  0.19531250000000D-02  0.19531250000000D-02
            0.19531250000000D-02  0.19531250000000D-02  0.19531250000000D-02
            0.19531250000000D-02  0.19531250000000D-02  0.19531250000000D-02
            0.19531250000000D-02  0.19531250000000D-02  0.19531250000000D-02
            0.19531250000000D-02  0.19531250000000D-02  0.19531250000000D-02
            0.19531250000000D-02  0.19531250000000D-02  0.19531250000000D-02
            0.19531250000000D-02  0.19531250000000D-02  0.19531250000000D-02
            0.19531250000000D-02  0.19531250000000D-02  0.19531250000000D-02
            0.19531250000000D-02  0.19531250000000D-02  0.19531250000000D-02
            0.19531250000000D-02  0.19531250000000D-02  0.19531250000000D-02
            0.19531250000000D-02  0.19531250000000D-02  0.19531250000000D-02
            0.19531250000000D-02  0.19531250000000D-02  0.19531250000000D-02
            0.19531250000000D-02  0.19531250000000D-02  0.19531250000000D-02
            0.19531250000000D-02  0.19531250000000D-02  0.19531250000000D-02
            0.19531250000000D-02  0.19531250000000D-02  0.19531250000000D-02
            0.19531250000000D-02  0.19531250000000D-02  0.19531250000000D-02
            0.19531250000000D-02  0.19531250000000D-02  0.19531250000000D-02
            0.19531250000000D-02  0.19531250000000D-02  0.19531250000000D-02
            0.19531250000000D-02  0.19531250000000D-02  0.19531250000000D-02
            0.19531250000000D-02  0.19531250000000D-02  0.19531250000000D-02
            0.19531250000000D-02  0.19531250000000D-02  0.19531250000000D-02
            0.19531250000000D-02  0.19531250000000D-02  0.19531250000000D-02
            0.19531250000000D-02  0.19531250000000D-02  0.19531250000000D-02
            0.19531250000000D-02  0.19531250000000D-02  0.19531250000000D-02
            0.19531250000000D-02  0.19531250000000D-02  0.19531250000000D-02
            0.19531250000000D-02  0.19531250000000D-02  0.19531250000000D-02
            0.19531250000000D-02  0.19531250000000D-02  0.19531250000000D-02
            0.19531250000000D-02  0.19531250000000D-02  0.19531250000000D-02
            0.19531250000000D-02  0.19531250000000D-02  0.19531250000000D-02
            0.19531250000000D-02  0.19531250000000D-02  0.19531250000000D-02
            0.19531250000000D-02  0.19531250000000D-02  0.19531250000000D-02
            0.19531250000000D-02  0.19531250000000D-02  0.19531250000000D-02
            0.19531250000000D-02  0.19531250000000D-02  0.19531250000000D-02
            0.19531250000000D-02  0.19531250000000D-02  0.19531250000000D-02
            0.19531250000000D-02  0.19531250000000D-02  0.19531250000000D-02
            0.19531250000000D-02  0.19531250000000D-02  0.19531250000000D-02
            0.19531250000000D-02  0.19531250000000D-02  0.19531250000000D-02
            0.19531250000000D-02  0.19531250000000D-02  0.19531250000000D-02
            0.19531250000000D-02  0.19531250000000D-02  0.19531250000000D-02
            0.19531250000000D-02  0.19531250000000D-02  0.19531250000000D-02
            0.19531250000000D-02  0.19531250000000D-02  0.19531250000000D-02
            0.19531250000000D-02  0.19531250000000D-02  0.19531250000000D-02
            0.19531250000000D-02  0.19531250000000D-02  0.19531250000000D-02
            0.19531250000000D-02  0.19531250000000D-02  0.19531250000000D-02
            0.19531250000000D-02  0.19531250000000D-02  0.19531250000000D-02
            0.19531250000000D-02  0.19531250000000D-02  0.19531250000000D-02
            0.19531250000000D-02  0.19531250000000D-02  0.19531250000000D-02
            0.19531250000000D-02  0.19531250000000D-02  0.19531250000000D-02
            0.19531250000000D-02  0.19531250000000D-02  0.19531250000000D-02
            0.19531250000000D-02  0.19531250000000D-02  0.19531250000000D-02
            0.19531250000000D-02  0.19531250000000D-02  0.19531250000000D-02
            0.19531250000000D-02  0.19531250000000D-02  0.19531250000000D-02
            0.19531250000000D-02  0.19531250000000D-02  0.19531250000000D-02
            0.19531250000000D-02  0.19531250000000D-02  0.19531250000000D-02
            0.19531250000000D-02  0.19531250000000D-02  0.19531250000000D-02
            0.19531250000000D-02  0.19531250000000D-02  0.19531250000000D-02
            0.19531250000000D-02  0.19531250000000D-02  0.19531250000000D-02
            0.19531250000000D-02  0.19531250000000D-02  0.19531250000000D-02
            0.19531250000000D-02  0.19531250000000D-02  0.19531250000000D-02
            0.19531250000000D-02  0.19531250000000D-02  0.19531250000000D-02
            0.19531250000000D-02  0.19531250000000D-02  0.19531250000000D-02
            0.19531250000000D-02  0.19531250000000D-02  0.19531250000000D-02
            0.19531250000000D-02  0.19531250000000D-02  0.19531250000000D-02
            0.19531250000000D-02  0.19531250000000D-02  0.19531250000000D-02
            0.19531250000000D-02  0.19531250000000D-02  0.19531250000000D-02
            0.19531250000000D-02  0.19531250000000D-02  0.19531250000000D-02
            0.19531250000000D-02  0.19531250000000D-02  0.19531250000000D-02
            0.19531250000000D-02  0.19531250000000D-02  0.19531250000000D-02
            0.19531250000000D-02  0.19531250000000D-02  0.19531250000000D-02
            0.19531250000000D-02  0.19531250000000D-02  0.19531250000000D-02
            0.19531250000000D-02  0.19531250000000D-02  0.19531250000000D-02
            0.19531250000000D-02  0.19531250000000D-02  0.19531250000000D-02
            0.19531250000000D-02  0.19531250000000D-02  0.19531250000000D-02
            0.19531250000000D-02  0.19531250000000D-02  0.19531250000000D-02
            0.19531250000000D-02  0.19531250000000D-02  0.19531250000000D-02
            0.19531250000000D-02  0.19531250000000D-02  0.19531250000000D-02
            0.19531250000000D-02  0.19531250000000D-02  0.19531250000000D-02
            0.19531250000000D-02  0.19531250000000D-02  0.19531250000000D-02
            0.19531250000000D-02  0.19531250000000D-02  0.19531250000000D-02
            0.19531250000000D-02  0.19531250000000D-02  0.19531250000000D-02
            0.19531250000000D-02  0.19531250000000D-02  0.19531250000000D-02
            0.19531250000000D-02  0.19531250000000D-02  0.19531250000000D-02
            0.19531250000000D-02  0.19531250000000D-02  0.19531250000000D-02
            0.19531250000000D-02  0.19531250000000D-02  0.19531250000000D-02
            0.19531250000000D-02  0.19531250000000D-02  0.19531250000000D-02
            0.19531250000000D-02  0.19531250000000D-02  0.19531250000000D-02
            0.19531250000000D-02  0.19531250000000D-02  0.19531250000000D-02
            0.19531250000000D-02  0.19531250000000D-02  0.19531250000000D-02
            0.19531250000000D-02  0.19531250000000D-02  0.19531250000000D-02
            0.19531250000000D-02  0.19531250000000D-02  0.19531250000000D-02
            0.19531250000000D-02  0.19531250000000D-02  0.19531250000000D-02
            0.19531250000000D-02  0.19531250000000D-02  0.19531250000000D-02
            0.19531250000000D-02  0.19531250000000D-02  0.19531250000000D-02
            0.19531250000000D-02  0.19531250000000D-02  0.19531250000000D-02
            0.19531250000000D-02  0.19531250000000D-02  0.19531250000000D-02
            0.19531250000000D-02  0.19531250000000D-02  0.19531250000000D-02
            0.19531250000000D-02  0.19531250000000D-02  0.19531250000000D-02
            0.19531250000000D-02  0.19531250000000D-02  0.19531250000000D-02
            0.19531250000000D-02  0.19531250000000D-02  0.19531250000000D-02
            0.19531250000000D-02  0.19531250000000D-02  0.19531250000000D-02
            0.19531250000000D-02  0.19531250000000D-02  0.19531250000000D-02
            0.19531250000000D-02  0.19531250000000D-02  0.19531250000000D-02
            0.19531250000000D-02  0.19531250000000D-02  0.19531250000000D-02
            0.19531250000000D-02  0.19531250000000D-02  0.19531250000000D-02
            0.19531250000000D-02  0.19531250000000D-02  0.19531250000000D-02
            0.19531250000000D-02  0.19531250000000D-02  0.19531250000000D-02
            0.19531250000000D-02  0.19531250000000D-02  0.19531250000000D-02
            0.19531250000000D-02  0.19531250000000D-02  0.19531250000000D-02
            0.19531250000000D-02  0.19531250000000D-02  0.19531250000000D-02
            0.19531250000000D-02  0.19531250000000D-02  0.19531250000000D-02
            0.19531250000000D-02  0.19531250000000D-02  0.19531250000000D-02
            0.19531250000000D-02  0.19531250000000D-02  0.19531250000000D-02
            0.19531250000000D-02  0.19531250000000D-02  0.19531250000000D-02
            0.19531250000000D-02  0.19531250000000D-02  0.19531250000000D-02
            0.19531250000000D-02  0.19531250000000D-02  0.19531250000000D-02
            0.19531250000000D-02  0.19531250000000D-02  0.19531250000000D-02
            0.19531250000000D-02  0.19531250000000D-02  0.19531250000000D-02
            0.19531250000000D-02  0.19531250000000D-02  0.19531250000000D-02
            0.19531250000000D-02  0.19531250000000D-02  0.19531250000000D-02
            0.19531250000000D-02  0.19531250000000D-02  0.19531250000000D-02
            0.19531250000000D-02  0.19531250000000D-02  0.19531250000000D-02
            0.19531250000000D-02  0.19531250000000D-02  0.19531250000000D-02
            0.19531250000000D-02  0.19531250000000D-02  0.19531250000000D-02
            0.19531250000000D-02  0.19531250000000D-02  0.19531250000000D-02
            0.19531250000000D-02  0.19531250000000D-02  0.19531250000000D-02
            0.19531250000000D-02  0.19531250000000D-02  0.19531250000000D-02
            0.19531250000000D-02  0.19531250000000D-02  0.19531250000000D-02
            0.19531250000000D-02  0.19531250000000D-02  0.19531250000000D-02
            0.19531250000000D-02  0.19531250000000D-02  0.19531250000000D-02
            0.19531250000000D-02  0.19531250000000D-02  0.19531250000000D-02
            0.19531250000000D-02  0.19531250000000D-02  0.19531250000000D-02
            0.19531250000000D-02  0.19531250000000D-02  0.19531250000000D-02
            0.19531250000000D-02  0.19531250000000D-02
      xred  0.00000000000000D+00  0.00000000000000D+00  0.00000000000000D+00
            0.50000000000000D+00  0.50000000000000D+00  0.50000000000000D+00
            0.00000000000000D+00  0.50000000000000D+00  0.50000000000000D+00
            0.50000000000000D+00  0.00000000000000D+00  0.50000000000000D+00
            0.50000000000000D+00  0.50000000000000D+00  0.00000000000000D+00
     znucl  0.56000000000000D+02  0.22000000000000D+02  0.80000000000000D+01
      zion  0.10000000000000D+02  0.12000000000000D+02  0.60000000000000D+01
 
  Description of the potentials (KB energies)
  vrsio8 (for pseudopotentials)= 10929
  dimekb =  4       lmnmax=  4       usepaw=  0
  Atom type=    1   pspso=  0   nekb=   4
  iln lpsang iproj  ekb(:)
     1     0     1    -9.6466923E+00  0.0000000E+00  0.0000000E+00  0.0000000E+00
     2     0     2     0.0000000E+00  2.7266828E+01  0.0000000E+00  0.0000000E+00
     3     1     1     0.0000000E+00  0.0000000E+00 -6.9384758E+00  0.0000000E+00
     4     1     2     0.0000000E+00  0.0000000E+00  0.0000000E+00  2.1148499E+01
  Atom type=    2   pspso=  0   nekb=   4
  iln lpsang iproj  ekb(:)
     1     0     1     9.5173163E+00  0.0000000E+00  0.0000000E+00  0.0000000E+00
     2     0     2     0.0000000E+00 -2.3446820E+00  0.0000000E+00  0.0000000E+00
     3     1     1     0.0000000E+00  0.0000000E+00  5.0114063E+00  0.0000000E+00
     4     1     2     0.0000000E+00  0.0000000E+00  0.0000000E+00 -7.4117869E-01
  Atom type=    3   pspso=  0   nekb=   2
  iln lpsang iproj  ekb(:)
     1     0     1     5.7633608E+00  0.0000000E+00
     2     0     2     0.0000000E+00 -1.7984213E+00
 
 **** Database of total energy derivatives ****
 Number of data blocks=    1

 2rd derivatives (non-stat.)  - # elements :     225
 qpt  5.00000000E-01  2.50000000E-01  2.50000000E-01   1.0
   1   1   1   1  0.66384769145723D+01  0.55035363674110D-17
   1   1   2   1 -0.27389226312785D-13 -0.70527739017914D-14
   1   1   3   1  0.32814345730245D-10  0.20670149867286D-11
   1   1   1   2 -0.83595755011764D-09  0.18168550109751D-12
   1   1   2   2 -0.34015784333892D+01 -0.16700934848015D-09
   1   1   3   2 -0.34015807610516D+01 -0.46481039227066D-11
   1   1   1   3 -0.25053099873870D-11  0.14052176881477D+01
   1   1   2   3 -0.19865463372640D-14 -0.28170830197219D-12
   1   1   3   3  0.50355024505610D-13 -0.86536607293582D-11
   1   1   1   4 -0.46777980441458D-13 -0.69566994413254D-13
   1   1   2   4  0.46334138442720D+00  0.46334138434186D+00
   1   1   3   4 -0.36476621814501D-02 -0.36476621807395D-02
   1   1   1   5 -0.13062137179560D-10 -0.13181256651958D-10
   1   1   2   5 -0.36475528767852D-02 -0.36475528681592D-02
   1   1   3   5  0.46334150395753D+00  0.46334150396282D+00
   2   1   1   1  0.32816025372300D-10 -0.20635450598218D-11
   2   1   2   1  0.50031373092552D+01 -0.43793974778839D-16
   2   1   3   1  0.18730097676083D+00  0.28997015555235D-10
   2   1   1   2 -0.30569493076115D+01  0.20457848490035D-12
   2   1   2   2  0.76337152507760D-14 -0.81018737115970D-14
   2   1   3   2  0.47508152405583D-14 -0.13359717475429D-13
   2   1   1   3 -0.25633451531735D-13 -0.33997066464153D-09
   2   1   2   3 -0.12849134818718D-10  0.29628443924363D+00
   2   1   3   3 -0.11227690185163D-10 -0.10618246608374D+00
   2   1   1   4  0.17427435667893D+00  0.17427435666518D+00
   2   1   2   4  0.23781335993005D-11  0.24784521927805D-11
   2   1   3   4 -0.23067384217921D-13  0.43813756908881D-13
   2   1   1   5  0.43497075668341D-01  0.43497075598253D-01
   2   1   2   5  0.21162981475505D-13  0.29367424738995D-13
   2   1   3   5 -0.16047276886708D-14 -0.52624409786332D-14
   3   1   1   1  0.32814345730245D-10 -0.20670149514504D-11
   3   1   2   1  0.18730097676083D+00 -0.28997015555235D-10
   3   1   3   1  0.50031373092548D+01 -0.35688415583871D-17
   3   1   1   2 -0.30569493076117D+01  0.20817870619560D-12
   3   1   2   2 -0.80307368400149D-14  0.27268999970947D-13
   3   1   3   2  0.84497525901706D-15  0.16048469024022D-14
   3   1   1   3 -0.23153372692220D-13 -0.33997625984954D-09
   3   1   2   3 -0.89431737318945D-11 -0.10618136758775D+00
   3   1   3   3 -0.12848985377039D-10  0.29628443924364D+00
   3   1   1   4  0.43493992872428D-01  0.43493992875113D-01
   3   1   2   4  0.21229932354297D-11  0.20908586032311D-11
   3   1   3   4 -0.25768422846096D-12 -0.30833455306341D-12
   3   1   1   5  0.17427435667892D+00  0.17427435666517D+00
   3   1   2   5 -0.10981764454803D-14  0.66989883784695D-15
   3   1   3   5  0.41718192307505D-14 -0.52222896215209D-14
   1   2   1   1 -0.21591233792780D-10  0.10508333665699D-12
   1   2   2   1 -0.30569607373749D+01  0.21562249341184D-09
   1   2   3   1 -0.30569493076117D+01 -0.20817870619560D-12
   1   2   1   2  0.17314057305644D+02  0.79250923690718D-17
   1   2   2   2  0.11516421098958D-12  0.57411250724563D-13
   1   2   3   2  0.80222190943773D-09  0.14484000054126D-12
   1   2   1   3  0.52211313718554D-13  0.94526261351325D-09
   1   2   2   3  0.91425192767624D-10 -0.12206682149860D+00
   1   2   3   3 -0.10277282624220D-10 -0.12205361825900D+00
   1   2   1   4 -0.17032572878002D+01 -0.17032572876509D+01
   1   2   2   4 -0.95291710374607D-11 -0.10042472845310D-10
   1   2   3   4  0.46325542569994D-12  0.47292954225418D-12
   1   2   1   5 -0.17032670186056D+01 -0.17032670186081D+01
   1   2   2   5  0.17053287595171D-09  0.17055702555077D-09
   1   2   3   5  0.19238873684281D-09  0.19234921416595D-09
   2   2   1   1 -0.34015807610515D+01  0.46481083714268D-11
   2   2   2   1  0.52137502051607D-13 -0.44222354986566D-14
   2   2   3   1 -0.80307368400149D-14 -0.27268999970947D-13
   2   2   1   2  0.80216849156557D-09 -0.16861592573231D-12
   2   2   2   2  0.96783145521131D+01 -0.63063323681528D-16
   2   2   3   2  0.16919575644050D+01 -0.73316547427811D-11
   2   2   1   3 -0.10972552135337D-10 -0.28785742204891D+01
   2   2   2   3  0.16953256019510D-12  0.23705669323189D-12
   2   2   3   3  0.20077268026904D-15  0.50902804482803D-14
   2   2   1   4  0.66274502494871D-13  0.77222353367277D-13
   2   2   2   4 -0.42670709430797D+00 -0.42670709442069D+00
   2   2   3   4 -0.61899294816591D-01 -0.61899294806542D-01
   2   2   1   5  0.94536978724353D-14 -0.46948490556700D-14
   2   2   2   5 -0.83508859977192D+00 -0.83508859977591D+00
   2   2   3   5 -0.14754485604533D+01 -0.14754485604528D+01
   3   2   1   1 -0.34015807610516D+01  0.46481039227066D-11
   3   2   2   1  0.47508152405583D-14  0.13359717475429D-13
   3   2   3   1  0.84497525901706D-15 -0.16048469024022D-14
   3   2   1   2  0.80222190943773D-09 -0.14483994974057D-12
   3   2   2   2  0.16919575644050D+01  0.73316547427811D-11
   3   2   3   2  0.96783145521131D+01 -0.51391318440774D-17
   3   2   1   3 -0.10971891794853D-10 -0.28785742204890D+01
   3   2   2   3  0.29867300774232D-14  0.17392594938847D-12
   3   2   3   3  0.82839282402330D-14  0.44570108746973D-14
   3   2   1   4 -0.18072572807772D-13 -0.48621619174233D-13
   3   2   2   4 -0.14754528890853D+01 -0.14754528892224D+01
   3   2   3   4 -0.83509077564909D+00 -0.83509077563325D+00
   3   2   1   5 -0.18516544348936D-14  0.34078238012764D-16
   3   2   2   5 -0.61899294816573D-01 -0.61899294806532D-01
   3   2   3   5 -0.42670709430797D+00 -0.42670709442075D+00
   1   3   1   1 -0.12016982182035D-11 -0.14052216847758D+01
   1   3   2   1  0.20987139785697D-13 -0.38674884015596D-13
   1   3   3   1 -0.23153372692220D-13  0.33997625984954D-09
   1   3   1   2  0.13008187754920D-13 -0.55465028398173D-09
   1   3   2   2  0.31377123155635D-11  0.28785722481055D+01
   1   3   3   2 -0.10971891794853D-10  0.28785742204890D+01
   1   3   1   3  0.12709646214257D+02  0.19812730922680D-17
   1   3   2   3  0.44299732080082D-12 -0.13099701855465D-13
   1   3   3   3  0.88646884786358D-10 -0.12645756604141D-13
   1   3   1   4 -0.86704426692201D-13  0.87283235486586D-13
   1   3   2   4  0.30487895202411D+01 -0.30487895203792D+01
   1   3   3   4  0.12596099044009D+00 -0.12596099047088D+00
   1   3   1   5  0.25460737153550D-09 -0.25452440185681D-09
   1   3   2   5  0.12595944773878D+00 -0.12595944772969D+00
   1   3   3   5  0.30487885465675D+01 -0.30487885465605D+01
   2   3   1   1  0.51247236072964D-13  0.86535734576351D-11
   2   3   2   1  0.21149411879631D-10 -0.29627917552533D+00
   2   3   3   1 -0.89431737318945D-11  0.10618136758775D+00
   2   3   1   2 -0.10277528217108D-10  0.12205361825905D+00
   2   3   2   2 -0.61316565046274D-13 -0.41344859117582D-13
   2   3   3   2  0.29867300774232D-14 -0.17392594938847D-12
   2   3   1   3  0.88635291383806D-10  0.21702940236831D-13
   2   3   2   3  0.41148316402555D+01 -0.15765830920382D-16
   2   3   3   3  0.30710396732107D+00 -0.23406925232877D-10
   2   3   1   4  0.14002725769110D+01 -0.14002725769006D+01
   2   3   2   4 -0.10621657965152D-12  0.12659368113172D-12
   2   3   3   4  0.11110168010369D-12 -0.12861789059971D-12
   2   3   1   5  0.11135826148699D+00 -0.11135826145641D+00
   2   3   2   5  0.71471862817709D-14 -0.19498056424005D-13
   2   3   3   5  0.25332108676518D-12 -0.25426411519702D-12
   3   3   1   1  0.50355024505610D-13  0.86536607293582D-11
   3   3   2   1 -0.11227690185163D-10  0.10618246608374D+00
   3   3   3   1  0.21149561321311D-10 -0.29627917552535D+00
   3   3   1   2 -0.10277282624220D-10  0.12205361825900D+00
   3   3   2   2  0.20077268026904D-15 -0.50902804482803D-14
   3   3   3   2  0.82839282402330D-14 -0.44570108746973D-14
   3   3   1   3  0.88646884786358D-10  0.12645769304315D-13
   3   3   2   3  0.30710396732107D+00  0.23406925232885D-10
   3   3   3   3  0.41148316402550D+01 -0.12847829610194D-17
   3   3   1   4  0.11136674512819D+00 -0.11136674512613D+00
   3   3   2   4 -0.32373745968810D-12  0.27103713651016D-12
   3   3   3   4  0.83982586518460D-13 -0.11666771321855D-12
   3   3   1   5  0.14002725769110D+01 -0.14002725769006D+01
   3   3   2   5 -0.23947160667349D-15  0.35605934725731D-15
   3   3   3   5 -0.16938222332124D-14  0.12646488921656D-14
   1   4   1   1 -0.13060107608308D-10  0.13178761670651D-10
   1   4   2   1  0.17427372829824D+00 -0.17427372828620D+00
   1   4   3   1  0.43493992872428D-01 -0.43493992875113D-01
   1   4   1   2 -0.17032670186055D+01  0.17032670186082D+01
   1   4   2   2  0.43070950781840D-14 -0.66488634807174D-13
   1   4   3   2 -0.18072572807772D-13  0.48621619174233D-13
   1   4   1   3  0.25461030019985D-09  0.25452669020959D-09
   1   4   2   3  0.14002684831634D+01  0.14002684831475D+01
   1   4   3   3  0.11136674512819D+00  0.11136674512613D+00
   1   4   1   4  0.42442660707934D+01 -0.20098137359702D-15
   1   4   2   4 -0.17077838650765D-11  0.16261000443115D-13
   1   4   3   4  0.37662915398227D-12  0.11893972185054D-14
   1   4   1   5  0.52973003424221D+00 -0.14574467752835D-10
   1   4   2   5  0.42932830188267D-13 -0.43578021211595D-14
   1   4   3   5 -0.64260143157037D-13 -0.59241318731144D-14
   2   4   1   1  0.46334150395754D+00 -0.46334150396283D+00
   2   4   2   1 -0.33014211472265D-14  0.12556444141330D-13
   2   4   3   1  0.21229932354297D-11 -0.20908586032311D-11
   2   4   1   2  0.19236583931507D-09 -0.19234695098282D-09
   2   4   2   2 -0.42669544189599D+00  0.42669544190630D+00
   2   4   3   2 -0.14754528890853D+01  0.14754528892224D+01
   2   4   1   3  0.30487885465676D+01  0.30487885465606D+01
   2   4   2   3  0.21333398524789D-12  0.21527947658641D-12
   2   4   3   3 -0.32373745968810D-12 -0.27103713651016D-12
   2   4   1   4 -0.64931147367249D-13 -0.53211370312477D-13
   2   4   2   4  0.87996901431520D+01 -0.15765830920382D-16
   2   4   3   4  0.34974338898284D+00 -0.16860667396009D-10
   2   4   1   5 -0.18594072301174D-11  0.80483849488822D-13
   2   4   2   5 -0.11950732687102D+01  0.28952866740173D-10
   2   4   3   5  0.31117545061329D+01  0.48442239663616D-10
   3   4   1   1 -0.36475528767568D-02  0.36475528681308D-02
   3   4   2   1  0.14993650204630D-13 -0.12397543092570D-13
   3   4   3   1 -0.25768422846096D-12  0.30833455306341D-12
   3   4   1   2  0.17053718736462D-09 -0.17055550316898D-09
   3   4   2   2 -0.61905656531049D-01  0.61905656532653D-01
   3   4   3   2 -0.83509077564909D+00  0.83509077563325D+00
   3   4   1   3  0.12595944773879D+00  0.12595944772970D+00
   3   4   2   3 -0.12077593838197D-13 -0.17625071157334D-14
   3   4   3   3  0.83982586518460D-13  0.11666771321855D-12
   3   4   1   4  0.47960779947393D-13 -0.63877280970945D-14
   3   4   2   4  0.34974011580943D+00 -0.20826461435371D-11
   3   4   3   4  0.38647803820004D+01 -0.18863491836651D-15
   3   4   1   5  0.21339155212797D-12 -0.18934643214271D-15
   3   4   2   5  0.12945124027788D+01 -0.82228062977872D-11
   3   4   3   5 -0.11950657554103D+01  0.16949914285138D-10
   1   5   1   1 -0.13062137179560D-10  0.13181256651958D-10
   1   5   2   1  0.43497075668341D-01 -0.43497075598253D-01
   1   5   3   1  0.17427372829823D+00 -0.17427372828619D+00
   1   5   1   2 -0.17032670186056D+01  0.17032670186081D+01
   1   5   2   2  0.94536978724353D-14  0.46948490556700D-14
   1   5   3   2 -0.18516544348936D-14 -0.34078238012764D-16
   1   5   1   3  0.25460737153550D-09  0.25452440185681D-09
   1   5   2   3  0.11135826148699D+00  0.11135826145641D+00
   1   5   3   3  0.14002684831634D+01  0.14002684831475D+01
   1   5   1   4  0.52973003424221D+00  0.14574467752835D-10
   1   5   2   4 -0.18594072301174D-11 -0.80483849488822D-13
   1   5   3   4  0.21339155212797D-12  0.18934643214271D-15
   1   5   1   5  0.42442660707925D+01 -0.20098137359702D-15
   1   5   2   5  0.45531213375521D-15 -0.17122811342888D-15
   1   5   3   5 -0.20495445258958D-15 -0.13658432878021D-17
   2   5   1   1 -0.36475528767852D-02  0.36475528681592D-02
   2   5   2   1  0.21162981475505D-13 -0.29367424738995D-13
   2   5   3   1 -0.10981764454803D-14 -0.66989883784695D-15
   2   5   1   2  0.17053287595171D-09 -0.17055702555077D-09
   2   5   2   2 -0.83508859977192D+00  0.83508859977591D+00
   2   5   3   2 -0.61905656531032D-01  0.61905656532643D-01
   2   5   1   3  0.12595944773878D+00  0.12595944772969D+00
   2   5   2   3  0.71471862817709D-14  0.19498056424005D-13
   2   5   3   3 -0.23947160667349D-15 -0.35605934725731D-15
   2   5   1   4  0.42932830188267D-13  0.43578021211595D-14
   2   5   2   4 -0.11950732687102D+01 -0.28952866740173D-10
   2   5   3   4  0.12945124027788D+01  0.82228062977872D-11
   2   5   1   5  0.45531213375521D-15 -0.17122811342888D-15
   2   5   2   5  0.38647803820013D+01 -0.17189094375829D-15
   2   5   3   5  0.34974011580943D+00 -0.20826461435371D-11
   3   5   1   1  0.46334150395753D+00 -0.46334150396282D+00
   3   5   2   1 -0.16047276886708D-14  0.52624409786332D-14
   3   5   3   1  0.41718192307505D-14  0.52222896215209D-14
   3   5   1   2  0.19238873684281D-09 -0.19234921416595D-09
   3   5   2   2 -0.14754485604533D+01  0.14754485604528D+01
   3   5   3   2 -0.42669544189599D+00  0.42669544190636D+00
   3   5   1   3  0.30487885465675D+01  0.30487885465605D+01
   3   5   2   3  0.25332108676518D-12  0.25426411519702D-12
   3   5   3   3 -0.16938222332124D-14 -0.12646488921656D-14
   3   5   1   4 -0.64260143157037D-13  0.59241318731144D-14
   3   5   2   4  0.31117545061329D+01 -0.48442239663616D-10
   3   5   3   4 -0.11950657554103D+01 -0.16949914285138D-10
   3   5   1   5 -0.20495445258958D-15 -0.13658432878021D-17
   3   5   2   5  0.34974338898284D+00 -0.16860667396009D-10
   3   5   3   5  0.87996901431529D+01 -0.32509805528602D-16
