
 **** DERIVATIVE DATABASE ****    
+DDB, Version number     10929

  Note : temporary (transfer) database                                                                                                                                                                                                                                   

     natom         5
      nkpt       256
    nsppol         1
      nsym        48
    ntypat         3
    occopt         1
     nband        20
     acell  0.74434230817000D+01  0.74434230817000D+01  0.74434230817000D+01
       amu  0.13732700000000D+03  0.47880000000000D+02  0.15999400000000D+02
   dilatmx  0.10000000000000D+01
      ecut  0.40000000000000D+02
    ecutsm  0.00000000000000D+00
     intxc         0
      iscf         5
       ixc         3
       kpt  0.62500000000000D-01  0.62500000000000D-01  0.62500000000000D-01
            0.18750000000000D+00  0.62500000000000D-01  0.62500000000000D-01
            0.31250000000000D+00  0.62500000000000D-01  0.62500000000000D-01
            0.43750000000000D+00  0.62500000000000D-01  0.62500000000000D-01
           -0.43750000000000D+00  0.62500000000000D-01  0.62500000000000D-01
           -0.31250000000000D+00  0.62500000000000D-01  0.62500000000000D-01
           -0.18750000000000D+00  0.62500000000000D-01  0.62500000000000D-01
           -0.62500000000000D-01  0.62500000000000D-01  0.62500000000000D-01
            0.62500000000000D-01  0.18750000000000D+00  0.62500000000000D-01
            0.18750000000000D+00  0.18750000000000D+00  0.62500000000000D-01
            0.31250000000000D+00  0.18750000000000D+00  0.62500000000000D-01
            0.43750000000000D+00  0.18750000000000D+00  0.62500000000000D-01
           -0.43750000000000D+00  0.18750000000000D+00  0.62500000000000D-01
           -0.31250000000000D+00  0.18750000000000D+00  0.62500000000000D-01
           -0.18750000000000D+00  0.18750000000000D+00  0.62500000000000D-01
           -0.62500000000000D-01  0.18750000000000D+00  0.62500000000000D-01
            0.62500000000000D-01  0.31250000000000D+00  0.62500000000000D-01
            0.18750000000000D+00  0.31250000000000D+00  0.62500000000000D-01
            0.31250000000000D+00  0.31250000000000D+00  0.62500000000000D-01
            0.43750000000000D+00  0.31250000000000D+00  0.62500000000000D-01
           -0.43750000000000D+00  0.31250000000000D+00  0.62500000000000D-01
           -0.31250000000000D+00  0.31250000000000D+00  0.62500000000000D-01
           -0.18750000000000D+00  0.31250000000000D+00  0.62500000000000D-01
           -0.62500000000000D-01  0.31250000000000D+00  0.62500000000000D-01
            0.62500000000000D-01  0.43750000000000D+00  0.62500000000000D-01
            0.18750000000000D+00  0.43750000000000D+00  0.62500000000000D-01
            0.31250000000000D+00  0.43750000000000D+00  0.62500000000000D-01
            0.43750000000000D+00  0.43750000000000D+00  0.62500000000000D-01
           -0.43750000000000D+00  0.43750000000000D+00  0.62500000000000D-01
           -0.31250000000000D+00  0.43750000000000D+00  0.62500000000000D-01
           -0.18750000000000D+00  0.43750000000000D+00  0.62500000000000D-01
           -0.62500000000000D-01  0.43750000000000D+00  0.62500000000000D-01
            0.62500000000000D-01 -0.43750000000000D+00  0.62500000000000D-01
            0.18750000000000D+00 -0.43750000000000D+00  0.62500000000000D-01
            0.31250000000000D+00 -0.43750000000000D+00  0.62500000000000D-01
            0.43750000000000D+00 -0.43750000000000D+00  0.62500000000000D-01
           -0.43750000000000D+00 -0.43750000000000D+00  0.62500000000000D-01
           -0.31250000000000D+00 -0.43750000000000D+00  0.62500000000000D-01
           -0.18750000000000D+00 -0.43750000000000D+00  0.62500000000000D-01
           -0.62500000000000D-01 -0.43750000000000D+00  0.62500000000000D-01
            0.62500000000000D-01 -0.31250000000000D+00  0.62500000000000D-01
            0.18750000000000D+00 -0.31250000000000D+00  0.62500000000000D-01
            0.31250000000000D+00 -0.31250000000000D+00  0.62500000000000D-01
            0.43750000000000D+00 -0.31250000000000D+00  0.62500000000000D-01
           -0.43750000000000D+00 -0.31250000000000D+00  0.62500000000000D-01
           -0.31250000000000D+00 -0.31250000000000D+00  0.62500000000000D-01
           -0.18750000000000D+00 -0.31250000000000D+00  0.62500000000000D-01
           -0.62500000000000D-01 -0.31250000000000D+00  0.62500000000000D-01
            0.62500000000000D-01 -0.18750000000000D+00  0.62500000000000D-01
            0.18750000000000D+00 -0.18750000000000D+00  0.62500000000000D-01
            0.31250000000000D+00 -0.18750000000000D+00  0.62500000000000D-01
            0.43750000000000D+00 -0.18750000000000D+00  0.62500000000000D-01
           -0.43750000000000D+00 -0.18750000000000D+00  0.62500000000000D-01
           -0.31250000000000D+00 -0.18750000000000D+00  0.62500000000000D-01
           -0.18750000000000D+00 -0.18750000000000D+00  0.62500000000000D-01
           -0.62500000000000D-01 -0.18750000000000D+00  0.62500000000000D-01
            0.62500000000000D-01 -0.62500000000000D-01  0.62500000000000D-01
            0.18750000000000D+00 -0.62500000000000D-01  0.62500000000000D-01
            0.31250000000000D+00 -0.62500000000000D-01  0.62500000000000D-01
            0.43750000000000D+00 -0.62500000000000D-01  0.62500000000000D-01
           -0.43750000000000D+00 -0.62500000000000D-01  0.62500000000000D-01
           -0.31250000000000D+00 -0.62500000000000D-01  0.62500000000000D-01
           -0.18750000000000D+00 -0.62500000000000D-01  0.62500000000000D-01
           -0.62500000000000D-01 -0.62500000000000D-01  0.62500000000000D-01
            0.62500000000000D-01  0.62500000000000D-01  0.18750000000000D+00
            0.18750000000000D+00  0.62500000000000D-01  0.18750000000000D+00
            0.31250000000000D+00  0.62500000000000D-01  0.18750000000000D+00
            0.43750000000000D+00  0.62500000000000D-01  0.18750000000000D+00
           -0.43750000000000D+00  0.62500000000000D-01  0.18750000000000D+00
           -0.31250000000000D+00  0.62500000000000D-01  0.18750000000000D+00
           -0.18750000000000D+00  0.62500000000000D-01  0.18750000000000D+00
           -0.62500000000000D-01  0.62500000000000D-01  0.18750000000000D+00
            0.62500000000000D-01  0.18750000000000D+00  0.18750000000000D+00
            0.18750000000000D+00  0.18750000000000D+00  0.18750000000000D+00
            0.31250000000000D+00  0.18750000000000D+00  0.18750000000000D+00
            0.43750000000000D+00  0.18750000000000D+00  0.18750000000000D+00
           -0.43750000000000D+00  0.18750000000000D+00  0.18750000000000D+00
           -0.31250000000000D+00  0.18750000000000D+00  0.18750000000000D+00
           -0.18750000000000D+00  0.18750000000000D+00  0.18750000000000D+00
           -0.62500000000000D-01  0.18750000000000D+00  0.18750000000000D+00
            0.62500000000000D-01  0.31250000000000D+00  0.18750000000000D+00
            0.18750000000000D+00  0.31250000000000D+00  0.18750000000000D+00
            0.31250000000000D+00  0.31250000000000D+00  0.18750000000000D+00
            0.43750000000000D+00  0.31250000000000D+00  0.18750000000000D+00
           -0.43750000000000D+00  0.31250000000000D+00  0.18750000000000D+00
           -0.31250000000000D+00  0.31250000000000D+00  0.18750000000000D+00
           -0.18750000000000D+00  0.31250000000000D+00  0.18750000000000D+00
           -0.62500000000000D-01  0.31250000000000D+00  0.18750000000000D+00
            0.62500000000000D-01  0.43750000000000D+00  0.18750000000000D+00
            0.18750000000000D+00  0.43750000000000D+00  0.18750000000000D+00
            0.31250000000000D+00  0.43750000000000D+00  0.18750000000000D+00
            0.43750000000000D+00  0.43750000000000D+00  0.18750000000000D+00
           -0.43750000000000D+00  0.43750000000000D+00  0.18750000000000D+00
           -0.31250000000000D+00  0.43750000000000D+00  0.18750000000000D+00
           -0.18750000000000D+00  0.43750000000000D+00  0.18750000000000D+00
           -0.62500000000000D-01  0.43750000000000D+00  0.18750000000000D+00
            0.62500000000000D-01 -0.43750000000000D+00  0.18750000000000D+00
            0.18750000000000D+00 -0.43750000000000D+00  0.18750000000000D+00
            0.31250000000000D+00 -0.43750000000000D+00  0.18750000000000D+00
            0.43750000000000D+00 -0.43750000000000D+00  0.18750000000000D+00
           -0.43750000000000D+00 -0.43750000000000D+00  0.18750000000000D+00
           -0.31250000000000D+00 -0.43750000000000D+00  0.18750000000000D+00
           -0.18750000000000D+00 -0.43750000000000D+00  0.18750000000000D+00
           -0.62500000000000D-01 -0.43750000000000D+00  0.18750000000000D+00
            0.62500000000000D-01 -0.31250000000000D+00  0.18750000000000D+00
            0.18750000000000D+00 -0.31250000000000D+00  0.18750000000000D+00
            0.31250000000000D+00 -0.31250000000000D+00  0.18750000000000D+00
            0.43750000000000D+00 -0.31250000000000D+00  0.18750000000000D+00
           -0.43750000000000D+00 -0.31250000000000D+00  0.18750000000000D+00
           -0.31250000000000D+00 -0.31250000000000D+00  0.18750000000000D+00
           -0.18750000000000D+00 -0.31250000000000D+00  0.18750000000000D+00
           -0.62500000000000D-01 -0.31250000000000D+00  0.18750000000000D+00
            0.62500000000000D-01 -0.18750000000000D+00  0.18750000000000D+00
            0.18750000000000D+00 -0.18750000000000D+00  0.18750000000000D+00
            0.31250000000000D+00 -0.18750000000000D+00  0.18750000000000D+00
            0.43750000000000D+00 -0.18750000000000D+00  0.18750000000000D+00
           -0.43750000000000D+00 -0.18750000000000D+00  0.18750000000000D+00
           -0.31250000000000D+00 -0.18750000000000D+00  0.18750000000000D+00
           -0.18750000000000D+00 -0.18750000000000D+00  0.18750000000000D+00
           -0.62500000000000D-01 -0.18750000000000D+00  0.18750000000000D+00
            0.62500000000000D-01 -0.62500000000000D-01  0.18750000000000D+00
            0.18750000000000D+00 -0.62500000000000D-01  0.18750000000000D+00
            0.31250000000000D+00 -0.62500000000000D-01  0.18750000000000D+00
            0.43750000000000D+00 -0.62500000000000D-01  0.18750000000000D+00
           -0.43750000000000D+00 -0.62500000000000D-01  0.18750000000000D+00
           -0.31250000000000D+00 -0.62500000000000D-01  0.18750000000000D+00
           -0.18750000000000D+00 -0.62500000000000D-01  0.18750000000000D+00
           -0.62500000000000D-01 -0.62500000000000D-01  0.18750000000000D+00
            0.62500000000000D-01  0.62500000000000D-01  0.31250000000000D+00
            0.18750000000000D+00  0.62500000000000D-01  0.31250000000000D+00
            0.31250000000000D+00  0.62500000000000D-01  0.31250000000000D+00
            0.43750000000000D+00  0.62500000000000D-01  0.31250000000000D+00
           -0.43750000000000D+00  0.62500000000000D-01  0.31250000000000D+00
           -0.31250000000000D+00  0.62500000000000D-01  0.31250000000000D+00
           -0.18750000000000D+00  0.62500000000000D-01  0.31250000000000D+00
           -0.62500000000000D-01  0.62500000000000D-01  0.31250000000000D+00
            0.62500000000000D-01  0.18750000000000D+00  0.31250000000000D+00
            0.18750000000000D+00  0.18750000000000D+00  0.31250000000000D+00
            0.31250000000000D+00  0.18750000000000D+00  0.31250000000000D+00
            0.43750000000000D+00  0.18750000000000D+00  0.31250000000000D+00
           -0.43750000000000D+00  0.18750000000000D+00  0.31250000000000D+00
           -0.31250000000000D+00  0.18750000000000D+00  0.31250000000000D+00
           -0.18750000000000D+00  0.18750000000000D+00  0.31250000000000D+00
           -0.62500000000000D-01  0.18750000000000D+00  0.31250000000000D+00
            0.62500000000000D-01  0.31250000000000D+00  0.31250000000000D+00
            0.18750000000000D+00  0.31250000000000D+00  0.31250000000000D+00
            0.31250000000000D+00  0.31250000000000D+00  0.31250000000000D+00
            0.43750000000000D+00  0.31250000000000D+00  0.31250000000000D+00
           -0.43750000000000D+00  0.31250000000000D+00  0.31250000000000D+00
           -0.31250000000000D+00  0.31250000000000D+00  0.31250000000000D+00
           -0.18750000000000D+00  0.31250000000000D+00  0.31250000000000D+00
           -0.62500000000000D-01  0.31250000000000D+00  0.31250000000000D+00
            0.62500000000000D-01  0.43750000000000D+00  0.31250000000000D+00
            0.18750000000000D+00  0.43750000000000D+00  0.31250000000000D+00
            0.31250000000000D+00  0.43750000000000D+00  0.31250000000000D+00
            0.43750000000000D+00  0.43750000000000D+00  0.31250000000000D+00
           -0.43750000000000D+00  0.43750000000000D+00  0.31250000000000D+00
           -0.31250000000000D+00  0.43750000000000D+00  0.31250000000000D+00
           -0.18750000000000D+00  0.43750000000000D+00  0.31250000000000D+00
           -0.62500000000000D-01  0.43750000000000D+00  0.31250000000000D+00
            0.62500000000000D-01 -0.43750000000000D+00  0.31250000000000D+00
            0.18750000000000D+00 -0.43750000000000D+00  0.31250000000000D+00
            0.31250000000000D+00 -0.43750000000000D+00  0.31250000000000D+00
            0.43750000000000D+00 -0.43750000000000D+00  0.31250000000000D+00
           -0.43750000000000D+00 -0.43750000000000D+00  0.31250000000000D+00
           -0.31250000000000D+00 -0.43750000000000D+00  0.31250000000000D+00
           -0.18750000000000D+00 -0.43750000000000D+00  0.31250000000000D+00
           -0.62500000000000D-01 -0.43750000000000D+00  0.31250000000000D+00
            0.62500000000000D-01 -0.31250000000000D+00  0.31250000000000D+00
            0.18750000000000D+00 -0.31250000000000D+00  0.31250000000000D+00
            0.31250000000000D+00 -0.31250000000000D+00  0.31250000000000D+00
            0.43750000000000D+00 -0.31250000000000D+00  0.31250000000000D+00
           -0.43750000000000D+00 -0.31250000000000D+00  0.31250000000000D+00
           -0.31250000000000D+00 -0.31250000000000D+00  0.31250000000000D+00
           -0.18750000000000D+00 -0.31250000000000D+00  0.31250000000000D+00
           -0.62500000000000D-01 -0.31250000000000D+00  0.31250000000000D+00
            0.62500000000000D-01 -0.18750000000000D+00  0.31250000000000D+00
            0.18750000000000D+00 -0.18750000000000D+00  0.31250000000000D+00
            0.31250000000000D+00 -0.18750000000000D+00  0.31250000000000D+00
            0.43750000000000D+00 -0.18750000000000D+00  0.31250000000000D+00
           -0.43750000000000D+00 -0.18750000000000D+00  0.31250000000000D+00
           -0.31250000000000D+00 -0.18750000000000D+00  0.31250000000000D+00
           -0.18750000000000D+00 -0.18750000000000D+00  0.31250000000000D+00
           -0.62500000000000D-01 -0.18750000000000D+00  0.31250000000000D+00
            0.62500000000000D-01 -0.62500000000000D-01  0.31250000000000D+00
            0.18750000000000D+00 -0.62500000000000D-01  0.31250000000000D+00
            0.31250000000000D+00 -0.62500000000000D-01  0.31250000000000D+00
            0.43750000000000D+00 -0.62500000000000D-01  0.31250000000000D+00
           -0.43750000000000D+00 -0.62500000000000D-01  0.31250000000000D+00
           -0.31250000000000D+00 -0.62500000000000D-01  0.31250000000000D+00
           -0.18750000000000D+00 -0.62500000000000D-01  0.31250000000000D+00
           -0.62500000000000D-01 -0.62500000000000D-01  0.31250000000000D+00
            0.62500000000000D-01  0.62500000000000D-01  0.43750000000000D+00
            0.18750000000000D+00  0.62500000000000D-01  0.43750000000000D+00
            0.31250000000000D+00  0.62500000000000D-01  0.43750000000000D+00
            0.43750000000000D+00  0.62500000000000D-01  0.43750000000000D+00
           -0.43750000000000D+00  0.62500000000000D-01  0.43750000000000D+00
           -0.31250000000000D+00  0.62500000000000D-01  0.43750000000000D+00
           -0.18750000000000D+00  0.62500000000000D-01  0.43750000000000D+00
           -0.62500000000000D-01  0.62500000000000D-01  0.43750000000000D+00
            0.62500000000000D-01  0.18750000000000D+00  0.43750000000000D+00
            0.18750000000000D+00  0.18750000000000D+00  0.43750000000000D+00
            0.31250000000000D+00  0.18750000000000D+00  0.43750000000000D+00
            0.43750000000000D+00  0.18750000000000D+00  0.43750000000000D+00
           -0.43750000000000D+00  0.18750000000000D+00  0.43750000000000D+00
           -0.31250000000000D+00  0.18750000000000D+00  0.43750000000000D+00
           -0.18750000000000D+00  0.18750000000000D+00  0.43750000000000D+00
           -0.62500000000000D-01  0.18750000000000D+00  0.43750000000000D+00
            0.62500000000000D-01  0.31250000000000D+00  0.43750000000000D+00
            0.18750000000000D+00  0.31250000000000D+00  0.43750000000000D+00
            0.31250000000000D+00  0.31250000000000D+00  0.43750000000000D+00
            0.43750000000000D+00  0.31250000000000D+00  0.43750000000000D+00
           -0.43750000000000D+00  0.31250000000000D+00  0.43750000000000D+00
           -0.31250000000000D+00  0.31250000000000D+00  0.43750000000000D+00
           -0.18750000000000D+00  0.31250000000000D+00  0.43750000000000D+00
           -0.62500000000000D-01  0.31250000000000D+00  0.43750000000000D+00
            0.62500000000000D-01  0.43750000000000D+00  0.43750000000000D+00
            0.18750000000000D+00  0.43750000000000D+00  0.43750000000000D+00
            0.31250000000000D+00  0.43750000000000D+00  0.43750000000000D+00
            0.43750000000000D+00  0.43750000000000D+00  0.43750000000000D+00
           -0.43750000000000D+00  0.43750000000000D+00  0.43750000000000D+00
           -0.31250000000000D+00  0.43750000000000D+00  0.43750000000000D+00
           -0.18750000000000D+00  0.43750000000000D+00  0.43750000000000D+00
           -0.62500000000000D-01  0.43750000000000D+00  0.43750000000000D+00
            0.62500000000000D-01 -0.43750000000000D+00  0.43750000000000D+00
            0.18750000000000D+00 -0.43750000000000D+00  0.43750000000000D+00
            0.31250000000000D+00 -0.43750000000000D+00  0.43750000000000D+00
            0.43750000000000D+00 -0.43750000000000D+00  0.43750000000000D+00
           -0.43750000000000D+00 -0.43750000000000D+00  0.43750000000000D+00
           -0.31250000000000D+00 -0.43750000000000D+00  0.43750000000000D+00
           -0.18750000000000D+00 -0.43750000000000D+00  0.43750000000000D+00
           -0.62500000000000D-01 -0.43750000000000D+00  0.43750000000000D+00
            0.62500000000000D-01 -0.31250000000000D+00  0.43750000000000D+00
            0.18750000000000D+00 -0.31250000000000D+00  0.43750000000000D+00
            0.31250000000000D+00 -0.31250000000000D+00  0.43750000000000D+00
            0.43750000000000D+00 -0.31250000000000D+00  0.43750000000000D+00
           -0.43750000000000D+00 -0.31250000000000D+00  0.43750000000000D+00
           -0.31250000000000D+00 -0.31250000000000D+00  0.43750000000000D+00
           -0.18750000000000D+00 -0.31250000000000D+00  0.43750000000000D+00
           -0.62500000000000D-01 -0.31250000000000D+00  0.43750000000000D+00
            0.62500000000000D-01 -0.18750000000000D+00  0.43750000000000D+00
            0.18750000000000D+00 -0.18750000000000D+00  0.43750000000000D+00
            0.31250000000000D+00 -0.18750000000000D+00  0.43750000000000D+00
            0.43750000000000D+00 -0.18750000000000D+00  0.43750000000000D+00
           -0.43750000000000D+00 -0.18750000000000D+00  0.43750000000000D+00
           -0.31250000000000D+00 -0.18750000000000D+00  0.43750000000000D+00
           -0.18750000000000D+00 -0.18750000000000D+00  0.43750000000000D+00
           -0.62500000000000D-01 -0.18750000000000D+00  0.43750000000000D+00
            0.62500000000000D-01 -0.62500000000000D-01  0.43750000000000D+00
            0.18750000000000D+00 -0.62500000000000D-01  0.43750000000000D+00
            0.31250000000000D+00 -0.62500000000000D-01  0.43750000000000D+00
            0.43750000000000D+00 -0.62500000000000D-01  0.43750000000000D+00
           -0.43750000000000D+00 -0.62500000000000D-01  0.43750000000000D+00
           -0.31250000000000D+00 -0.62500000000000D-01  0.43750000000000D+00
           -0.18750000000000D+00 -0.62500000000000D-01  0.43750000000000D+00
           -0.62500000000000D-01 -0.62500000000000D-01  0.43750000000000D+00
    kptnrm  0.10000000000000D+01
     ngfft        45   45   45
    nspden         1
   nspinor         1
       occ  0.20000000000000D+01  0.20000000000000D+01  0.20000000000000D+01
            0.20000000000000D+01  0.20000000000000D+01  0.20000000000000D+01
            0.20000000000000D+01  0.20000000000000D+01  0.20000000000000D+01
            0.20000000000000D+01  0.20000000000000D+01  0.20000000000000D+01
            0.20000000000000D+01  0.20000000000000D+01  0.20000000000000D+01
            0.20000000000000D+01  0.20000000000000D+01  0.20000000000000D+01
            0.20000000000000D+01  0.20000000000000D+01
     rprim  0.10000000000000D+01  0.00000000000000D+00  0.00000000000000D+00
            0.00000000000000D+00  0.10000000000000D+01  0.00000000000000D+00
            0.00000000000000D+00  0.00000000000000D+00  0.10000000000000D+01
     sciss  0.00000000000000D+00
    spinat  0.00000000000000D+00  0.00000000000000D+00  0.00000000000000D+00
            0.00000000000000D+00  0.00000000000000D+00  0.00000000000000D+00
            0.00000000000000D+00  0.00000000000000D+00  0.00000000000000D+00
            0.00000000000000D+00  0.00000000000000D+00  0.00000000000000D+00
            0.00000000000000D+00  0.00000000000000D+00  0.00000000000000D+00
    symafm         1    1    1    1    1    1    1    1    1    1    1    1
                   1    1    1    1    1    1    1    1    1    1    1    1
                   1    1    1    1    1    1    1    1    1    1    1    1
                   1    1    1    1    1    1    1    1    1    1    1    1
    symrel         1    0    0    0    1    0    0    0    1
                  -1    0    0    0   -1    0    0    0   -1
                  -1    0    0    0    1    0    0    0   -1
                   1    0    0    0   -1    0    0    0    1
                  -1    0    0    0   -1    0    0    0    1
                   1    0    0    0    1    0    0    0   -1
                   1    0    0    0   -1    0    0    0   -1
                  -1    0    0    0    1    0    0    0    1
                   0    1    0    1    0    0    0    0    1
                   0   -1    0   -1    0    0    0    0   -1
                   0   -1    0    1    0    0    0    0   -1
                   0    1    0   -1    0    0    0    0    1
                   0   -1    0   -1    0    0    0    0    1
                   0    1    0    1    0    0    0    0   -1
                   0    1    0   -1    0    0    0    0   -1
                   0   -1    0    1    0    0    0    0    1
                   0    0    1    1    0    0    0    1    0
                   0    0   -1   -1    0    0    0   -1    0
                   0    0   -1    1    0    0    0   -1    0
                   0    0    1   -1    0    0    0    1    0
                   0    0   -1   -1    0    0    0    1    0
                   0    0    1    1    0    0    0   -1    0
                   0    0    1   -1    0    0    0   -1    0
                   0    0   -1    1    0    0    0    1    0
                   1    0    0    0    0    1    0    1    0
                  -1    0    0    0    0   -1    0   -1    0
                  -1    0    0    0    0    1    0   -1    0
                   1    0    0    0    0   -1    0    1    0
                  -1    0    0    0    0   -1    0    1    0
                   1    0    0    0    0    1    0   -1    0
                   1    0    0    0    0   -1    0   -1    0
                  -1    0    0    0    0    1    0    1    0
                   0    1    0    0    0    1    1    0    0
                   0   -1    0    0    0   -1   -1    0    0
                   0   -1    0    0    0    1   -1    0    0
                   0    1    0    0    0   -1    1    0    0
                   0   -1    0    0    0   -1    1    0    0
                   0    1    0    0    0    1   -1    0    0
                   0    1    0    0    0   -1   -1    0    0
                   0   -1    0    0    0    1    1    0    0
                   0    0    1    0    1    0    1    0    0
                   0    0   -1    0   -1    0   -1    0    0
                   0    0   -1    0    1    0   -1    0    0
                   0    0    1    0   -1    0    1    0    0
                   0    0   -1    0   -1    0    1    0    0
                   0    0    1    0    1    0   -1    0    0
                   0    0    1    0   -1    0   -1    0    0
                   0    0   -1    0    1    0    1    0    0
     tnons  0.00000000000000D+00  0.00000000000000D+00  0.00000000000000D+00
            0.00000000000000D+00  0.00000000000000D+00  0.00000000000000D+00
            0.00000000000000D+00  0.00000000000000D+00  0.00000000000000D+00
            0.00000000000000D+00  0.00000000000000D+00  0.00000000000000D+00
            0.00000000000000D+00  0.00000000000000D+00  0.00000000000000D+00
            0.00000000000000D+00  0.00000000000000D+00  0.00000000000000D+00
            0.00000000000000D+00  0.00000000000000D+00  0.00000000000000D+00
            0.00000000000000D+00  0.00000000000000D+00  0.00000000000000D+00
            0.00000000000000D+00  0.00000000000000D+00  0.00000000000000D+00
            0.00000000000000D+00  0.00000000000000D+00  0.00000000000000D+00
            0.00000000000000D+00  0.00000000000000D+00  0.00000000000000D+00
            0.00000000000000D+00  0.00000000000000D+00  0.00000000000000D+00
            0.00000000000000D+00  0.00000000000000D+00  0.00000000000000D+00
            0.00000000000000D+00  0.00000000000000D+00  0.00000000000000D+00
            0.00000000000000D+00  0.00000000000000D+00  0.00000000000000D+00
            0.00000000000000D+00  0.00000000000000D+00  0.00000000000000D+00
            0.00000000000000D+00  0.00000000000000D+00  0.00000000000000D+00
            0.00000000000000D+00  0.00000000000000D+00  0.00000000000000D+00
            0.00000000000000D+00  0.00000000000000D+00  0.00000000000000D+00
            0.00000000000000D+00  0.00000000000000D+00  0.00000000000000D+00
            0.00000000000000D+00  0.00000000000000D+00  0.00000000000000D+00
            0.00000000000000D+00  0.00000000000000D+00  0.00000000000000D+00
            0.00000000000000D+00  0.00000000000000D+00  0.00000000000000D+00
            0.00000000000000D+00  0.00000000000000D+00  0.00000000000000D+00
            0.00000000000000D+00  0.00000000000000D+00  0.00000000000000D+00
            0.00000000000000D+00  0.00000000000000D+00  0.00000000000000D+00
            0.00000000000000D+00  0.00000000000000D+00  0.00000000000000D+00
            0.00000000000000D+00  0.00000000000000D+00  0.00000000000000D+00
            0.00000000000000D+00  0.00000000000000D+00  0.00000000000000D+00
            0.00000000000000D+00  0.00000000000000D+00  0.00000000000000D+00
            0.00000000000000D+00  0.00000000000000D+00  0.00000000000000D+00
            0.00000000000000D+00  0.00000000000000D+00  0.00000000000000D+00
            0.00000000000000D+00  0.00000000000000D+00  0.00000000000000D+00
            0.00000000000000D+00  0.00000000000000D+00  0.00000000000000D+00
            0.00000000000000D+00  0.00000000000000D+00  0.00000000000000D+00
            0.00000000000000D+00  0.00000000000000D+00  0.00000000000000D+00
            0.00000000000000D+00  0.00000000000000D+00  0.00000000000000D+00
            0.00000000000000D+00  0.00000000000000D+00  0.00000000000000D+00
            0.00000000000000D+00  0.00000000000000D+00  0.00000000000000D+00
            0.00000000000000D+00  0.00000000000000D+00  0.00000000000000D+00
            0.00000000000000D+00  0.00000000000000D+00  0.00000000000000D+00
            0.00000000000000D+00  0.00000000000000D+00  0.00000000000000D+00
            0.00000000000000D+00  0.00000000000000D+00  0.00000000000000D+00
            0.00000000000000D+00  0.00000000000000D+00  0.00000000000000D+00
            0.00000000000000D+00  0.00000000000000D+00  0.00000000000000D+00
            0.00000000000000D+00  0.00000000000000D+00  0.00000000000000D+00
            0.00000000000000D+00  0.00000000000000D+00  0.00000000000000D+00
            0.00000000000000D+00  0.00000000000000D+00  0.00000000000000D+00
    tolwfr  0.10000000000000D+01
   tphysel  0.00000000000000D+00
    tsmear  0.40000000000000D-01
     typat         1    2    3    3    3
       wtk  0.39062500000000D-02  0.39062500000000D-02  0.39062500000000D-02
            0.39062500000000D-02  0.39062500000000D-02  0.39062500000000D-02
            0.39062500000000D-02  0.39062500000000D-02  0.39062500000000D-02
            0.39062500000000D-02  0.39062500000000D-02  0.39062500000000D-02
            0.39062500000000D-02  0.39062500000000D-02  0.39062500000000D-02
            0.39062500000000D-02  0.39062500000000D-02  0.39062500000000D-02
            0.39062500000000D-02  0.39062500000000D-02  0.39062500000000D-02
            0.39062500000000D-02  0.39062500000000D-02  0.39062500000000D-02
            0.39062500000000D-02  0.39062500000000D-02  0.39062500000000D-02
            0.39062500000000D-02  0.39062500000000D-02  0.39062500000000D-02
            0.39062500000000D-02  0.39062500000000D-02  0.39062500000000D-02
            0.39062500000000D-02  0.39062500000000D-02  0.39062500000000D-02
            0.39062500000000D-02  0.39062500000000D-02  0.39062500000000D-02
            0.39062500000000D-02  0.39062500000000D-02  0.39062500000000D-02
            0.39062500000000D-02  0.39062500000000D-02  0.39062500000000D-02
            0.39062500000000D-02  0.39062500000000D-02  0.39062500000000D-02
            0.39062500000000D-02  0.39062500000000D-02  0.39062500000000D-02
            0.39062500000000D-02  0.39062500000000D-02  0.39062500000000D-02
            0.39062500000000D-02  0.39062500000000D-02  0.39062500000000D-02
            0.39062500000000D-02  0.39062500000000D-02  0.39062500000000D-02
            0.39062500000000D-02  0.39062500000000D-02  0.39062500000000D-02
            0.39062500000000D-02  0.39062500000000D-02  0.39062500000000D-02
            0.39062500000000D-02  0.39062500000000D-02  0.39062500000000D-02
            0.39062500000000D-02  0.39062500000000D-02  0.39062500000000D-02
            0.39062500000000D-02  0.39062500000000D-02  0.39062500000000D-02
            0.39062500000000D-02  0.39062500000000D-02  0.39062500000000D-02
            0.39062500000000D-02  0.39062500000000D-02  0.39062500000000D-02
            0.39062500000000D-02  0.39062500000000D-02  0.39062500000000D-02
            0.39062500000000D-02  0.39062500000000D-02  0.39062500000000D-02
            0.39062500000000D-02  0.39062500000000D-02  0.39062500000000D-02
            0.39062500000000D-02  0.39062500000000D-02  0.39062500000000D-02
            0.39062500000000D-02  0.39062500000000D-02  0.39062500000000D-02
            0.39062500000000D-02  0.39062500000000D-02  0.39062500000000D-02
            0.39062500000000D-02  0.39062500000000D-02  0.39062500000000D-02
            0.39062500000000D-02  0.39062500000000D-02  0.39062500000000D-02
            0.39062500000000D-02  0.39062500000000D-02  0.39062500000000D-02
            0.39062500000000D-02  0.39062500000000D-02  0.39062500000000D-02
            0.39062500000000D-02  0.39062500000000D-02  0.39062500000000D-02
            0.39062500000000D-02  0.39062500000000D-02  0.39062500000000D-02
            0.39062500000000D-02  0.39062500000000D-02  0.39062500000000D-02
            0.39062500000000D-02  0.39062500000000D-02  0.39062500000000D-02
            0.39062500000000D-02  0.39062500000000D-02  0.39062500000000D-02
            0.39062500000000D-02  0.39062500000000D-02  0.39062500000000D-02
            0.39062500000000D-02  0.39062500000000D-02  0.39062500000000D-02
            0.39062500000000D-02  0.39062500000000D-02  0.39062500000000D-02
            0.39062500000000D-02  0.39062500000000D-02  0.39062500000000D-02
            0.39062500000000D-02  0.39062500000000D-02  0.39062500000000D-02
            0.39062500000000D-02  0.39062500000000D-02  0.39062500000000D-02
            0.39062500000000D-02  0.39062500000000D-02  0.39062500000000D-02
            0.39062500000000D-02  0.39062500000000D-02  0.39062500000000D-02
            0.39062500000000D-02  0.39062500000000D-02  0.39062500000000D-02
            0.39062500000000D-02  0.39062500000000D-02  0.39062500000000D-02
            0.39062500000000D-02  0.39062500000000D-02  0.39062500000000D-02
            0.39062500000000D-02  0.39062500000000D-02  0.39062500000000D-02
            0.39062500000000D-02  0.39062500000000D-02  0.39062500000000D-02
            0.39062500000000D-02  0.39062500000000D-02  0.39062500000000D-02
            0.39062500000000D-02  0.39062500000000D-02  0.39062500000000D-02
            0.39062500000000D-02  0.39062500000000D-02  0.39062500000000D-02
            0.39062500000000D-02  0.39062500000000D-02  0.39062500000000D-02
            0.39062500000000D-02  0.39062500000000D-02  0.39062500000000D-02
            0.39062500000000D-02  0.39062500000000D-02  0.39062500000000D-02
            0.39062500000000D-02  0.39062500000000D-02  0.39062500000000D-02
            0.39062500000000D-02  0.39062500000000D-02  0.39062500000000D-02
            0.39062500000000D-02  0.39062500000000D-02  0.39062500000000D-02
            0.39062500000000D-02  0.39062500000000D-02  0.39062500000000D-02
            0.39062500000000D-02  0.39062500000000D-02  0.39062500000000D-02
            0.39062500000000D-02  0.39062500000000D-02  0.39062500000000D-02
            0.39062500000000D-02  0.39062500000000D-02  0.39062500000000D-02
            0.39062500000000D-02  0.39062500000000D-02  0.39062500000000D-02
            0.39062500000000D-02  0.39062500000000D-02  0.39062500000000D-02
            0.39062500000000D-02  0.39062500000000D-02  0.39062500000000D-02
            0.39062500000000D-02  0.39062500000000D-02  0.39062500000000D-02
            0.39062500000000D-02  0.39062500000000D-02  0.39062500000000D-02
            0.39062500000000D-02  0.39062500000000D-02  0.39062500000000D-02
            0.39062500000000D-02  0.39062500000000D-02  0.39062500000000D-02
            0.39062500000000D-02  0.39062500000000D-02  0.39062500000000D-02
            0.39062500000000D-02  0.39062500000000D-02  0.39062500000000D-02
            0.39062500000000D-02  0.39062500000000D-02  0.39062500000000D-02
            0.39062500000000D-02  0.39062500000000D-02  0.39062500000000D-02
            0.39062500000000D-02  0.39062500000000D-02  0.39062500000000D-02
            0.39062500000000D-02  0.39062500000000D-02  0.39062500000000D-02
            0.39062500000000D-02  0.39062500000000D-02  0.39062500000000D-02
            0.39062500000000D-02  0.39062500000000D-02  0.39062500000000D-02
            0.39062500000000D-02  0.39062500000000D-02  0.39062500000000D-02
            0.39062500000000D-02  0.39062500000000D-02  0.39062500000000D-02
            0.39062500000000D-02
      xred  0.00000000000000D+00  0.00000000000000D+00  0.00000000000000D+00
            0.50000000000000D+00  0.50000000000000D+00  0.50000000000000D+00
            0.00000000000000D+00  0.50000000000000D+00  0.50000000000000D+00
            0.50000000000000D+00  0.00000000000000D+00  0.50000000000000D+00
            0.50000000000000D+00  0.50000000000000D+00  0.00000000000000D+00
     znucl  0.56000000000000D+02  0.22000000000000D+02  0.80000000000000D+01
      zion  0.10000000000000D+02  0.12000000000000D+02  0.60000000000000D+01
 
  Description of the potentials (KB energies)
  vrsio8 (for pseudopotentials)= 10929
  dimekb =  4       lmnmax=  4       usepaw=  0
  Atom type=    1   pspso=  0   nekb=   4
  iln lpsang iproj  ekb(:)
     1     0     1    -9.6466923E+00  0.0000000E+00  0.0000000E+00  0.0000000E+00
     2     0     2     0.0000000E+00  2.7266828E+01  0.0000000E+00  0.0000000E+00
     3     1     1     0.0000000E+00  0.0000000E+00 -6.9384758E+00  0.0000000E+00
     4     1     2     0.0000000E+00  0.0000000E+00  0.0000000E+00  2.1148499E+01
  Atom type=    2   pspso=  0   nekb=   4
  iln lpsang iproj  ekb(:)
     1     0     1     9.5173163E+00  0.0000000E+00  0.0000000E+00  0.0000000E+00
     2     0     2     0.0000000E+00 -2.3446820E+00  0.0000000E+00  0.0000000E+00
     3     1     1     0.0000000E+00  0.0000000E+00  5.0114063E+00  0.0000000E+00
     4     1     2     0.0000000E+00  0.0000000E+00  0.0000000E+00 -7.4117869E-01
  Atom type=    3   pspso=  0   nekb=   2
  iln lpsang iproj  ekb(:)
     1     0     1     5.7633608E+00  0.0000000E+00
     2     0     2     0.0000000E+00 -1.7984213E+00
 
 **** Database of total energy derivatives ****
 Number of data blocks=    1

 2rd derivatives (non-stat.)  - # elements :     324
 qpt  0.00000000E+00  0.00000000E+00  0.00000000E+00   1.0
   1   1   1   1  0.40982064308292D+01  0.00000000000000D+00
   1   1   2   1 -0.21957452403609D-13  0.00000000000000D+00
   1   1   3   1  0.77872465976262D-15  0.00000000000000D+00
   1   1   1   2 -0.21882343015516D+01  0.00000000000000D+00
   1   1   2   2 -0.94628803267076D-14  0.00000000000000D+00
   1   1   3   2 -0.15035214856103D-14  0.00000000000000D+00
   1   1   1   3 -0.74044905487510D+00  0.00000000000000D+00
   1   1   2   3 -0.18817325810870D-15  0.00000000000000D+00
   1   1   3   3 -0.70101908421246D-15  0.00000000000000D+00
   1   1   1   4 -0.58473179639788D+00  0.00000000000000D+00
   1   1   2   4  0.46472732464007D-14  0.00000000000000D+00
   1   1   3   4  0.38971731065590D-14  0.00000000000000D+00
   1   1   1   5 -0.58473179639785D+00  0.00000000000000D+00
   1   1   2   5  0.40360507504821D-14  0.00000000000000D+00
   1   1   3   5 -0.11330422984981D-14  0.00000000000000D+00
   1   1   1   7 -0.45406542270848D+02  0.00000000000000D+00
   1   1   2   7  0.00000000000000D+00  0.00000000000000D+00
   1   1   3   7  0.00000000000000D+00  0.00000000000000D+00
   2   1   1   1 -0.21957452403609D-13  0.00000000000000D+00
   2   1   2   1  0.40982064308307D+01  0.00000000000000D+00
   2   1   3   1  0.18323404825354D-15  0.00000000000000D+00
   2   1   1   2 -0.74601814775381D-14  0.00000000000000D+00
   2   1   2   2 -0.21882343015516D+01  0.00000000000000D+00
   2   1   3   2  0.67713300883983D-15  0.00000000000000D+00
   2   1   1   3  0.51591092532159D-15  0.00000000000000D+00
   2   1   2   3 -0.58472473145235D+00  0.00000000000000D+00
   2   1   3   3 -0.57763578220494D-15  0.00000000000000D+00
   2   1   1   4 -0.48138629682096D-16  0.00000000000000D+00
   2   1   2   4 -0.74044905487511D+00  0.00000000000000D+00
   2   1   3   4  0.10097071734694D-16  0.00000000000000D+00
   2   1   1   5 -0.28793701837992D-15  0.00000000000000D+00
   2   1   2   5 -0.58473179639783D+00  0.00000000000000D+00
   2   1   3   5 -0.29282834662312D-15  0.00000000000000D+00
   2   1   1   7  0.30629888563505D-10  0.00000000000000D+00
   2   1   2   7 -0.45406542270848D+02  0.00000000000000D+00
   2   1   3   7  0.00000000000000D+00  0.00000000000000D+00
   3   1   1   1  0.77872465976262D-15  0.00000000000000D+00
   3   1   2   1  0.18323404825354D-15  0.00000000000000D+00
   3   1   3   1  0.40982064308308D+01  0.00000000000000D+00
   3   1   1   2 -0.54642082141788D-14  0.00000000000000D+00
   3   1   2   2  0.67713300883983D-15  0.00000000000000D+00
   3   1   3   2 -0.21882343015516D+01  0.00000000000000D+00
   3   1   1   3 -0.42082723405930D-14  0.00000000000000D+00
   3   1   2   3  0.15431262320407D-13  0.00000000000000D+00
   3   1   3   3 -0.58473179639788D+00  0.00000000000000D+00
   3   1   1   4 -0.28793695944338D-15  0.00000000000000D+00
   3   1   2   4  0.10097071734694D-16  0.00000000000000D+00
   3   1   3   4 -0.58473179639788D+00  0.00000000000000D+00
   3   1   1   5 -0.48138629681842D-16  0.00000000000000D+00
   3   1   2   5 -0.29282834662312D-15  0.00000000000000D+00
   3   1   3   5 -0.74044905487516D+00  0.00000000000000D+00
   3   1   1   7  0.23732107970175D-11  0.00000000000000D+00
   3   1   2   7  0.00000000000000D+00  0.00000000000000D+00
   3   1   3   7 -0.45406542270848D+02  0.00000000000000D+00
   1   2   1   1 -0.21882417064547D+01  0.00000000000000D+00
   1   2   2   1 -0.74601814775381D-14  0.00000000000000D+00
   1   2   3   1 -0.54642082141788D-14  0.00000000000000D+00
   1   2   1   2  0.90881634183370D+00  0.00000000000000D+00
   1   2   2   2  0.71776261755349D-13  0.00000000000000D+00
   1   2   3   2 -0.46423058358047D-14  0.00000000000000D+00
   1   2   1   3  0.16003964351609D+01  0.00000000000000D+00
   1   2   2   3  0.49486417137896D-14  0.00000000000000D+00
   1   2   3   3  0.82143332127334D-14  0.00000000000000D+00
   1   2   1   4 -0.19439258488168D+00  0.00000000000000D+00
   1   2   2   4 -0.17039345861485D-13  0.00000000000000D+00
   1   2   3   4  0.41813704843471D-14  0.00000000000000D+00
   1   2   1   5 -0.19439258488165D+00  0.00000000000000D+00
   1   2   2   5 -0.41768857052162D-15  0.00000000000000D+00
   1   2   3   5  0.94464561212818D-14  0.00000000000000D+00
   1   2   1   7 -0.29495551535275D+02  0.00000000000000D+00
   1   2   2   7  0.00000000000000D+00  0.00000000000000D+00
   1   2   3   7  0.00000000000000D+00  0.00000000000000D+00
   2   2   1   1 -0.94628803267076D-14  0.00000000000000D+00
   2   2   2   1 -0.21882417064547D+01  0.00000000000000D+00
   2   2   3   1  0.67713300883983D-15  0.00000000000000D+00
   2   2   1   2  0.71776261755349D-13  0.00000000000000D+00
   2   2   2   2  0.90881634183461D+00  0.00000000000000D+00
   2   2   3   2 -0.12932741051612D-14  0.00000000000000D+00
   2   2   1   3  0.93809950226999D-14  0.00000000000000D+00
   2   2   2   3 -0.19440280286791D+00  0.00000000000000D+00
   2   2   3   3 -0.17343115908741D-16  0.00000000000000D+00
   2   2   1   4  0.22999119100101D-15  0.00000000000000D+00
   2   2   2   4  0.16003964351609D+01  0.00000000000000D+00
   2   2   3   4  0.31667065740948D-15  0.00000000000000D+00
   2   2   1   5 -0.31714408908333D-15  0.00000000000000D+00
   2   2   2   5 -0.19439258488168D+00  0.00000000000000D+00
   2   2   3   5  0.31681355482069D-15  0.00000000000000D+00
   2   2   1   7 -0.87551221092905D-11  0.00000000000000D+00
   2   2   2   7 -0.29495551535275D+02  0.00000000000000D+00
   2   2   3   7  0.00000000000000D+00  0.00000000000000D+00
   3   2   1   1 -0.15035214856103D-14  0.00000000000000D+00
   3   2   2   1  0.67713300883983D-15  0.00000000000000D+00
   3   2   3   1 -0.21882417064546D+01  0.00000000000000D+00
   3   2   1   2 -0.46423058358047D-14  0.00000000000000D+00
   3   2   2   2 -0.12932741051612D-14  0.00000000000000D+00
   3   2   3   2  0.90881634183643D+00  0.00000000000000D+00
   3   2   1   3 -0.98537876255369D-14  0.00000000000000D+00
   3   2   2   3 -0.76296954557364D-14  0.00000000000000D+00
   3   2   3   3 -0.19439258488167D+00  0.00000000000000D+00
   3   2   1   4 -0.25342857672860D-15  0.00000000000000D+00
   3   2   2   4  0.31667065740948D-15  0.00000000000000D+00
   3   2   3   4 -0.19439258488167D+00  0.00000000000000D+00
   3   2   1   5  0.29244123692636D-15  0.00000000000000D+00
   3   2   2   5  0.31681355482069D-15  0.00000000000000D+00
   3   2   3   5  0.16003964351609D+01  0.00000000000000D+00
   3   2   1   7 -0.55351575186138D-12  0.00000000000000D+00
   3   2   2   7  0.00000000000000D+00  0.00000000000000D+00
   3   2   3   7 -0.29495551535275D+02  0.00000000000000D+00
   1   3   1   1 -0.74044627059149D+00  0.00000000000000D+00
   1   3   2   1  0.51591092532159D-15  0.00000000000000D+00
   1   3   3   1 -0.42082723405930D-14  0.00000000000000D+00
   1   3   1   2  0.16004234960092D+01  0.00000000000000D+00
   1   3   2   2  0.93809950226999D-14  0.00000000000000D+00
   1   3   3   2 -0.98537876255369D-14  0.00000000000000D+00
   1   3   1   3  0.45994307303677D+01  0.00000000000000D+00
   1   3   2   3  0.12831790565259D-13  0.00000000000000D+00
   1   3   3   3  0.20664114842062D-13  0.00000000000000D+00
   1   3   1   4 -0.27233880805724D+01  0.00000000000000D+00
   1   3   2   4 -0.13082728313045D-13  0.00000000000000D+00
   1   3   3   4  0.54143891222388D-14  0.00000000000000D+00
   1   3   1   5 -0.27233880805724D+01  0.00000000000000D+00
   1   3   2   5  0.11743342151997D-13  0.00000000000000D+00
   1   3   3   5 -0.39747183865509D-14  0.00000000000000D+00
   1   3   1   7 -0.73841893136863D+02  0.00000000000000D+00
   1   3   2   7  0.00000000000000D+00  0.00000000000000D+00
   1   3   3   7  0.00000000000000D+00  0.00000000000000D+00
   2   3   1   1  0.53365976178595D-14  0.00000000000000D+00
   2   3   2   1 -0.58472473145235D+00  0.00000000000000D+00
   2   3   3   1  0.15431262320407D-13  0.00000000000000D+00
   2   3   1   2 -0.34487238570444D-13  0.00000000000000D+00
   2   3   2   2 -0.19440280286791D+00  0.00000000000000D+00
   2   3   3   2 -0.76296954557364D-14  0.00000000000000D+00
   2   3   1   3  0.32855836009209D-13  0.00000000000000D+00
   2   3   2   3  0.31315014320012D+01  0.00000000000000D+00
   2   3   3   3  0.60556890664349D-13  0.00000000000000D+00
   2   3   1   4 -0.12575689836542D-13  0.00000000000000D+00
   2   3   2   4 -0.27233833472030D+01  0.00000000000000D+00
   2   3   3   4 -0.41792546881325D-14  0.00000000000000D+00
   2   3   1   5 -0.72211435251121D-16  0.00000000000000D+00
   2   3   2   5  0.35531630399663D+00  0.00000000000000D+00
   2   3   3   5  0.48547171372938D-14  0.00000000000000D+00
   2   3   1   7  0.46088108253347D-11  0.00000000000000D+00
   2   3   2   7 -0.51321241868970D+02  0.00000000000000D+00
   2   3   3   7  0.00000000000000D+00  0.00000000000000D+00
   3   3   1   1 -0.70101908421246D-15  0.00000000000000D+00
   3   3   2   1 -0.57763578220494D-15  0.00000000000000D+00
   3   3   3   1 -0.58473179639788D+00  0.00000000000000D+00
   3   3   1   2  0.82143332127334D-14  0.00000000000000D+00
   3   3   2   2 -0.17343115908741D-16  0.00000000000000D+00
   3   3   3   2 -0.19439258488167D+00  0.00000000000000D+00
   3   3   1   3  0.20664114842062D-13  0.00000000000000D+00
   3   3   2   3  0.60556890664349D-13  0.00000000000000D+00
   3   3   3   3  0.31315014320012D+01  0.00000000000000D+00
   3   3   1   4 -0.28883177809105D-16  0.00000000000000D+00
   3   3   2   4 -0.17569700797387D-15  0.00000000000000D+00
   3   3   3   4  0.35531630399660D+00  0.00000000000000D+00
   3   3   1   5 -0.17276217566603D-15  0.00000000000000D+00
   3   3   2   5  0.60582430408167D-17  0.00000000000000D+00
   3   3   3   5 -0.27233880805724D+01  0.00000000000000D+00
   3   3   1   7  0.86086075201349D-12  0.00000000000000D+00
   3   3   2   7  0.00000000000000D+00  0.00000000000000D+00
   3   3   3   7 -0.51321302265598D+02  0.00000000000000D+00
   1   4   1   1 -0.58473179639788D+00  0.00000000000000D+00
   1   4   2   1 -0.48138629682096D-16  0.00000000000000D+00
   1   4   3   1 -0.28793695944338D-15  0.00000000000000D+00
   1   4   1   2 -0.19439258488168D+00  0.00000000000000D+00
   1   4   2   2  0.22999119100101D-15  0.00000000000000D+00
   1   4   3   2 -0.25342857672860D-15  0.00000000000000D+00
   1   4   1   3 -0.27233880805724D+01  0.00000000000000D+00
   1   4   2   3 -0.12575689836542D-13  0.00000000000000D+00
   1   4   3   3 -0.28883177809105D-16  0.00000000000000D+00
   1   4   1   4  0.31315014320030D+01  0.00000000000000D+00
   1   4   2   4 -0.16764471919279D-15  0.00000000000000D+00
   1   4   3   4  0.44194358569166D-15  0.00000000000000D+00
   1   4   1   5  0.35531630399664D+00  0.00000000000000D+00
   1   4   2   5  0.15855436890182D-15  0.00000000000000D+00
   1   4   3   5  0.12830512828944D-15  0.00000000000000D+00
   1   4   1   7 -0.51321302265598D+02  0.00000000000000D+00
   1   4   2   7  0.00000000000000D+00  0.00000000000000D+00
   1   4   3   7  0.00000000000000D+00  0.00000000000000D+00
   2   4   1   1  0.46472732464007D-14  0.00000000000000D+00
   2   4   2   1 -0.74044627059151D+00  0.00000000000000D+00
   2   4   3   1  0.10097071734694D-16  0.00000000000000D+00
   2   4   1   2 -0.17039345861485D-13  0.00000000000000D+00
   2   4   2   2  0.16004234960092D+01  0.00000000000000D+00
   2   4   3   2  0.31667065740948D-15  0.00000000000000D+00
   2   4   1   3 -0.13082728313045D-13  0.00000000000000D+00
   2   4   2   3 -0.27233833472030D+01  0.00000000000000D+00
   2   4   3   3 -0.17569700797387D-15  0.00000000000000D+00
   2   4   1   4 -0.16764471919279D-15  0.00000000000000D+00
   2   4   2   4  0.45994307303667D+01  0.00000000000000D+00
   2   4   3   4  0.19551074815266D-15  0.00000000000000D+00
   2   4   1   5  0.15855436890182D-15  0.00000000000000D+00
   2   4   2   5 -0.27233880805724D+01  0.00000000000000D+00
   2   4   3   5 -0.34658146932296D-15  0.00000000000000D+00
   2   4   1   7  0.89550520477171D-12  0.00000000000000D+00
   2   4   2   7 -0.73841893136863D+02  0.00000000000000D+00
   2   4   3   7  0.00000000000000D+00  0.00000000000000D+00
   3   4   1   1  0.38971731065590D-14  0.00000000000000D+00
   3   4   2   1  0.10097071734694D-16  0.00000000000000D+00
   3   4   3   1 -0.58473179639788D+00  0.00000000000000D+00
   3   4   1   2  0.41813704843471D-14  0.00000000000000D+00
   3   4   2   2  0.31667065740948D-15  0.00000000000000D+00
   3   4   3   2 -0.19439258488167D+00  0.00000000000000D+00
   3   4   1   3  0.54143891222388D-14  0.00000000000000D+00
   3   4   2   3 -0.41792546881325D-14  0.00000000000000D+00
   3   4   3   3  0.35531630399660D+00  0.00000000000000D+00
   3   4   1   4  0.44194358569166D-15  0.00000000000000D+00
   3   4   2   4  0.19551074815266D-15  0.00000000000000D+00
   3   4   3   4  0.31315014320026D+01  0.00000000000000D+00
   3   4   1   5  0.12830512828944D-15  0.00000000000000D+00
   3   4   2   5 -0.34658146932296D-15  0.00000000000000D+00
   3   4   3   5 -0.27233880805724D+01  0.00000000000000D+00
   3   4   1   7 -0.78865290497510D-12  0.00000000000000D+00
   3   4   2   7  0.00000000000000D+00  0.00000000000000D+00
   3   4   3   7 -0.51321302265598D+02  0.00000000000000D+00
   1   5   1   1 -0.58473179639785D+00  0.00000000000000D+00
   1   5   2   1 -0.28793701837992D-15  0.00000000000000D+00
   1   5   3   1 -0.48138629681842D-16  0.00000000000000D+00
   1   5   1   2 -0.19439258488165D+00  0.00000000000000D+00
   1   5   2   2 -0.31714408908333D-15  0.00000000000000D+00
   1   5   3   2  0.29244123692636D-15  0.00000000000000D+00
   1   5   1   3 -0.27233880805724D+01  0.00000000000000D+00
   1   5   2   3 -0.72211435251121D-16  0.00000000000000D+00
   1   5   3   3 -0.17276217566603D-15  0.00000000000000D+00
   1   5   1   4  0.35531630399664D+00  0.00000000000000D+00
   1   5   2   4  0.15855436890182D-15  0.00000000000000D+00
   1   5   3   4  0.12830512828944D-15  0.00000000000000D+00
   1   5   1   5  0.31315014320016D+01  0.00000000000000D+00
   1   5   2   5  0.47540991637068D-15  0.00000000000000D+00
   1   5   3   5 -0.19984555986793D-15  0.00000000000000D+00
   1   5   1   7 -0.51321302156943D+02  0.00000000000000D+00
   1   5   2   7  0.00000000000000D+00  0.00000000000000D+00
   1   5   3   7  0.00000000000000D+00  0.00000000000000D+00
   2   5   1   1  0.40360507504821D-14  0.00000000000000D+00
   2   5   2   1 -0.58473179639783D+00  0.00000000000000D+00
   2   5   3   1 -0.29282834662312D-15  0.00000000000000D+00
   2   5   1   2 -0.41768857052162D-15  0.00000000000000D+00
   2   5   2   2 -0.19439258488168D+00  0.00000000000000D+00
   2   5   3   2  0.31681355482069D-15  0.00000000000000D+00
   2   5   1   3  0.11743342151997D-13  0.00000000000000D+00
   2   5   2   3  0.35531630399663D+00  0.00000000000000D+00
   2   5   3   3  0.60582430408167D-17  0.00000000000000D+00
   2   5   1   4  0.15855436890182D-15  0.00000000000000D+00
   2   5   2   4 -0.27233880805724D+01  0.00000000000000D+00
   2   5   3   4 -0.34658146932296D-15  0.00000000000000D+00
   2   5   1   5  0.47540991637068D-15  0.00000000000000D+00
   2   5   2   5  0.31315014320026D+01  0.00000000000000D+00
   2   5   3   5  0.31653801808458D-15  0.00000000000000D+00
   2   5   1   7 -0.15963874433292D-11  0.00000000000000D+00
   2   5   2   7 -0.51321302156943D+02  0.00000000000000D+00
   2   5   3   7  0.00000000000000D+00  0.00000000000000D+00
   3   5   1   1 -0.11330422984981D-14  0.00000000000000D+00
   3   5   2   1 -0.29282834662312D-15  0.00000000000000D+00
   3   5   3   1 -0.74044627059155D+00  0.00000000000000D+00
   3   5   1   2  0.94464561212818D-14  0.00000000000000D+00
   3   5   2   2  0.31681355482069D-15  0.00000000000000D+00
   3   5   3   2  0.16004234960092D+01  0.00000000000000D+00
   3   5   1   3 -0.39747183865509D-14  0.00000000000000D+00
   3   5   2   3  0.48547171372938D-14  0.00000000000000D+00
   3   5   3   3 -0.27233880805724D+01  0.00000000000000D+00
   3   5   1   4  0.12830512828944D-15  0.00000000000000D+00
   3   5   2   4 -0.34658146932296D-15  0.00000000000000D+00
   3   5   3   4 -0.27233880805724D+01  0.00000000000000D+00
   3   5   1   5 -0.19984555986793D-15  0.00000000000000D+00
   3   5   2   5  0.31653801808458D-15  0.00000000000000D+00
   3   5   3   5  0.45994307303667D+01  0.00000000000000D+00
   3   5   1   7  0.78802784688312D-12  0.00000000000000D+00
   3   5   2   7  0.00000000000000D+00  0.00000000000000D+00
   3   5   3   7 -0.73841893136863D+02  0.00000000000000D+00
   1   7   1   1 -0.45406614817052D+02  0.00000000000000D+00
   1   7   2   1  0.30629888563505D-10  0.00000000000000D+00
   1   7   3   1  0.23732107970175D-11  0.00000000000000D+00
   1   7   1   2 -0.29495584980063D+02  0.00000000000000D+00
   1   7   2   2 -0.87551221092905D-11  0.00000000000000D+00
   1   7   3   2 -0.55351575186138D-12  0.00000000000000D+00
   1   7   1   3 -0.73841895154729D+02  0.00000000000000D+00
   1   7   2   3  0.00000000000000D+00  0.00000000000000D+00
   1   7   3   3  0.86086075201349D-12  0.00000000000000D+00
   1   7   1   4 -0.51321302265598D+02  0.00000000000000D+00
   1   7   2   4  0.89550520477171D-12  0.00000000000000D+00
   1   7   3   4 -0.78865290497510D-12  0.00000000000000D+00
   1   7   1   5 -0.51321302156943D+02  0.00000000000000D+00
   1   7   2   5 -0.15963874433292D-11  0.00000000000000D+00
   1   7   3   5  0.78802784688312D-12  0.00000000000000D+00
   1   7   1   7 -0.13266561127808D+03  0.00000000000000D+00
   1   7   2   7  0.20448504001180D-10  0.00000000000000D+00
   1   7   3   7  0.13231429840665D-12  0.00000000000000D+00
   2   7   1   1  0.00000000000000D+00  0.00000000000000D+00
   2   7   2   1 -0.45406614817052D+02  0.00000000000000D+00
   2   7   3   1  0.00000000000000D+00  0.00000000000000D+00
   2   7   1   2  0.00000000000000D+00  0.00000000000000D+00
   2   7   2   2 -0.29495584980063D+02  0.00000000000000D+00
   2   7   3   2  0.00000000000000D+00  0.00000000000000D+00
   2   7   1   3  0.00000000000000D+00  0.00000000000000D+00
   2   7   2   3 -0.51321241868970D+02  0.00000000000000D+00
   2   7   3   3  0.00000000000000D+00  0.00000000000000D+00
   2   7   1   4  0.00000000000000D+00  0.00000000000000D+00
   2   7   2   4 -0.73841895154729D+02  0.00000000000000D+00
   2   7   3   4  0.00000000000000D+00  0.00000000000000D+00
   2   7   1   5  0.00000000000000D+00  0.00000000000000D+00
   2   7   2   5 -0.51321302156943D+02  0.00000000000000D+00
   2   7   3   5  0.00000000000000D+00  0.00000000000000D+00
   2   7   1   7  0.20448504001180D-10  0.00000000000000D+00
   2   7   2   7 -0.13266561127808D+03  0.00000000000000D+00
   2   7   3   7  0.00000000000000D+00  0.00000000000000D+00
   3   7   1   1  0.00000000000000D+00  0.00000000000000D+00
   3   7   2   1  0.00000000000000D+00  0.00000000000000D+00
   3   7   3   1 -0.45406614817052D+02  0.00000000000000D+00
   3   7   1   2  0.00000000000000D+00  0.00000000000000D+00
   3   7   2   2  0.00000000000000D+00  0.00000000000000D+00
   3   7   3   2 -0.29495584980063D+02  0.00000000000000D+00
   3   7   1   3  0.00000000000000D+00  0.00000000000000D+00
   3   7   2   3  0.00000000000000D+00  0.00000000000000D+00
   3   7   3   3 -0.51321302265598D+02  0.00000000000000D+00
   3   7   1   4  0.00000000000000D+00  0.00000000000000D+00
   3   7   2   4  0.00000000000000D+00  0.00000000000000D+00
   3   7   3   4 -0.51321302265598D+02  0.00000000000000D+00
   3   7   1   5  0.00000000000000D+00  0.00000000000000D+00
   3   7   2   5  0.00000000000000D+00  0.00000000000000D+00
   3   7   3   5 -0.73841895154729D+02  0.00000000000000D+00
   3   7   1   7  0.13231429840665D-12  0.00000000000000D+00
   3   7   2   7  0.00000000000000D+00  0.00000000000000D+00
   3   7   3   7 -0.13266561127808D+03  0.00000000000000D+00
