
 **** DERIVATIVE DATABASE ****    
+DDB, Version number     10929

  Note : temporary (transfer) database                                                                                                                                                                                                                                   

     natom         5
      nkpt       512
    nsppol         1
      nsym        48
    ntypat         3
    occopt         1
     nband        20
     acell  0.74434230817000D+01  0.74434230817000D+01  0.74434230817000D+01
       amu  0.13732700000000D+03  0.47880000000000D+02  0.15999400000000D+02
   dilatmx  0.10000000000000D+01
      ecut  0.40000000000000D+02
    ecutsm  0.00000000000000D+00
     intxc         0
      iscf         5
       ixc         3
       kpt  0.62500000000000D-01  0.62500000000000D-01  0.62500000000000D-01
            0.18750000000000D+00  0.62500000000000D-01  0.62500000000000D-01
            0.31250000000000D+00  0.62500000000000D-01  0.62500000000000D-01
            0.43750000000000D+00  0.62500000000000D-01  0.62500000000000D-01
           -0.43750000000000D+00  0.62500000000000D-01  0.62500000000000D-01
           -0.31250000000000D+00  0.62500000000000D-01  0.62500000000000D-01
           -0.18750000000000D+00  0.62500000000000D-01  0.62500000000000D-01
           -0.62500000000000D-01  0.62500000000000D-01  0.62500000000000D-01
            0.62500000000000D-01  0.18750000000000D+00  0.62500000000000D-01
            0.18750000000000D+00  0.18750000000000D+00  0.62500000000000D-01
            0.31250000000000D+00  0.18750000000000D+00  0.62500000000000D-01
            0.43750000000000D+00  0.18750000000000D+00  0.62500000000000D-01
           -0.43750000000000D+00  0.18750000000000D+00  0.62500000000000D-01
           -0.31250000000000D+00  0.18750000000000D+00  0.62500000000000D-01
           -0.18750000000000D+00  0.18750000000000D+00  0.62500000000000D-01
           -0.62500000000000D-01  0.18750000000000D+00  0.62500000000000D-01
            0.62500000000000D-01  0.31250000000000D+00  0.62500000000000D-01
            0.18750000000000D+00  0.31250000000000D+00  0.62500000000000D-01
            0.31250000000000D+00  0.31250000000000D+00  0.62500000000000D-01
            0.43750000000000D+00  0.31250000000000D+00  0.62500000000000D-01
           -0.43750000000000D+00  0.31250000000000D+00  0.62500000000000D-01
           -0.31250000000000D+00  0.31250000000000D+00  0.62500000000000D-01
           -0.18750000000000D+00  0.31250000000000D+00  0.62500000000000D-01
           -0.62500000000000D-01  0.31250000000000D+00  0.62500000000000D-01
            0.62500000000000D-01  0.43750000000000D+00  0.62500000000000D-01
            0.18750000000000D+00  0.43750000000000D+00  0.62500000000000D-01
            0.31250000000000D+00  0.43750000000000D+00  0.62500000000000D-01
            0.43750000000000D+00  0.43750000000000D+00  0.62500000000000D-01
           -0.43750000000000D+00  0.43750000000000D+00  0.62500000000000D-01
           -0.31250000000000D+00  0.43750000000000D+00  0.62500000000000D-01
           -0.18750000000000D+00  0.43750000000000D+00  0.62500000000000D-01
           -0.62500000000000D-01  0.43750000000000D+00  0.62500000000000D-01
            0.62500000000000D-01 -0.43750000000000D+00  0.62500000000000D-01
            0.18750000000000D+00 -0.43750000000000D+00  0.62500000000000D-01
            0.31250000000000D+00 -0.43750000000000D+00  0.62500000000000D-01
            0.43750000000000D+00 -0.43750000000000D+00  0.62500000000000D-01
           -0.43750000000000D+00 -0.43750000000000D+00  0.62500000000000D-01
           -0.31250000000000D+00 -0.43750000000000D+00  0.62500000000000D-01
           -0.18750000000000D+00 -0.43750000000000D+00  0.62500000000000D-01
           -0.62500000000000D-01 -0.43750000000000D+00  0.62500000000000D-01
            0.62500000000000D-01 -0.31250000000000D+00  0.62500000000000D-01
            0.18750000000000D+00 -0.31250000000000D+00  0.62500000000000D-01
            0.31250000000000D+00 -0.31250000000000D+00  0.62500000000000D-01
            0.43750000000000D+00 -0.31250000000000D+00  0.62500000000000D-01
           -0.43750000000000D+00 -0.31250000000000D+00  0.62500000000000D-01
           -0.31250000000000D+00 -0.31250000000000D+00  0.62500000000000D-01
           -0.18750000000000D+00 -0.31250000000000D+00  0.62500000000000D-01
           -0.62500000000000D-01 -0.31250000000000D+00  0.62500000000000D-01
            0.62500000000000D-01 -0.18750000000000D+00  0.62500000000000D-01
            0.18750000000000D+00 -0.18750000000000D+00  0.62500000000000D-01
            0.31250000000000D+00 -0.18750000000000D+00  0.62500000000000D-01
            0.43750000000000D+00 -0.18750000000000D+00  0.62500000000000D-01
           -0.43750000000000D+00 -0.18750000000000D+00  0.62500000000000D-01
           -0.31250000000000D+00 -0.18750000000000D+00  0.62500000000000D-01
           -0.18750000000000D+00 -0.18750000000000D+00  0.62500000000000D-01
           -0.62500000000000D-01 -0.18750000000000D+00  0.62500000000000D-01
            0.62500000000000D-01 -0.62500000000000D-01  0.62500000000000D-01
            0.18750000000000D+00 -0.62500000000000D-01  0.62500000000000D-01
            0.31250000000000D+00 -0.62500000000000D-01  0.62500000000000D-01
            0.43750000000000D+00 -0.62500000000000D-01  0.62500000000000D-01
           -0.43750000000000D+00 -0.62500000000000D-01  0.62500000000000D-01
           -0.31250000000000D+00 -0.62500000000000D-01  0.62500000000000D-01
           -0.18750000000000D+00 -0.62500000000000D-01  0.62500000000000D-01
           -0.62500000000000D-01 -0.62500000000000D-01  0.62500000000000D-01
            0.62500000000000D-01  0.62500000000000D-01  0.18750000000000D+00
            0.18750000000000D+00  0.62500000000000D-01  0.18750000000000D+00
            0.31250000000000D+00  0.62500000000000D-01  0.18750000000000D+00
            0.43750000000000D+00  0.62500000000000D-01  0.18750000000000D+00
           -0.43750000000000D+00  0.62500000000000D-01  0.18750000000000D+00
           -0.31250000000000D+00  0.62500000000000D-01  0.18750000000000D+00
           -0.18750000000000D+00  0.62500000000000D-01  0.18750000000000D+00
           -0.62500000000000D-01  0.62500000000000D-01  0.18750000000000D+00
            0.62500000000000D-01  0.18750000000000D+00  0.18750000000000D+00
            0.18750000000000D+00  0.18750000000000D+00  0.18750000000000D+00
            0.31250000000000D+00  0.18750000000000D+00  0.18750000000000D+00
            0.43750000000000D+00  0.18750000000000D+00  0.18750000000000D+00
           -0.43750000000000D+00  0.18750000000000D+00  0.18750000000000D+00
           -0.31250000000000D+00  0.18750000000000D+00  0.18750000000000D+00
           -0.18750000000000D+00  0.18750000000000D+00  0.18750000000000D+00
           -0.62500000000000D-01  0.18750000000000D+00  0.18750000000000D+00
            0.62500000000000D-01  0.31250000000000D+00  0.18750000000000D+00
            0.18750000000000D+00  0.31250000000000D+00  0.18750000000000D+00
            0.31250000000000D+00  0.31250000000000D+00  0.18750000000000D+00
            0.43750000000000D+00  0.31250000000000D+00  0.18750000000000D+00
           -0.43750000000000D+00  0.31250000000000D+00  0.18750000000000D+00
           -0.31250000000000D+00  0.31250000000000D+00  0.18750000000000D+00
           -0.18750000000000D+00  0.31250000000000D+00  0.18750000000000D+00
           -0.62500000000000D-01  0.31250000000000D+00  0.18750000000000D+00
            0.62500000000000D-01  0.43750000000000D+00  0.18750000000000D+00
            0.18750000000000D+00  0.43750000000000D+00  0.18750000000000D+00
            0.31250000000000D+00  0.43750000000000D+00  0.18750000000000D+00
            0.43750000000000D+00  0.43750000000000D+00  0.18750000000000D+00
           -0.43750000000000D+00  0.43750000000000D+00  0.18750000000000D+00
           -0.31250000000000D+00  0.43750000000000D+00  0.18750000000000D+00
           -0.18750000000000D+00  0.43750000000000D+00  0.18750000000000D+00
           -0.62500000000000D-01  0.43750000000000D+00  0.18750000000000D+00
            0.62500000000000D-01 -0.43750000000000D+00  0.18750000000000D+00
            0.18750000000000D+00 -0.43750000000000D+00  0.18750000000000D+00
            0.31250000000000D+00 -0.43750000000000D+00  0.18750000000000D+00
            0.43750000000000D+00 -0.43750000000000D+00  0.18750000000000D+00
           -0.43750000000000D+00 -0.43750000000000D+00  0.18750000000000D+00
           -0.31250000000000D+00 -0.43750000000000D+00  0.18750000000000D+00
           -0.18750000000000D+00 -0.43750000000000D+00  0.18750000000000D+00
           -0.62500000000000D-01 -0.43750000000000D+00  0.18750000000000D+00
            0.62500000000000D-01 -0.31250000000000D+00  0.18750000000000D+00
            0.18750000000000D+00 -0.31250000000000D+00  0.18750000000000D+00
            0.31250000000000D+00 -0.31250000000000D+00  0.18750000000000D+00
            0.43750000000000D+00 -0.31250000000000D+00  0.18750000000000D+00
           -0.43750000000000D+00 -0.31250000000000D+00  0.18750000000000D+00
           -0.31250000000000D+00 -0.31250000000000D+00  0.18750000000000D+00
           -0.18750000000000D+00 -0.31250000000000D+00  0.18750000000000D+00
           -0.62500000000000D-01 -0.31250000000000D+00  0.18750000000000D+00
            0.62500000000000D-01 -0.18750000000000D+00  0.18750000000000D+00
            0.18750000000000D+00 -0.18750000000000D+00  0.18750000000000D+00
            0.31250000000000D+00 -0.18750000000000D+00  0.18750000000000D+00
            0.43750000000000D+00 -0.18750000000000D+00  0.18750000000000D+00
           -0.43750000000000D+00 -0.18750000000000D+00  0.18750000000000D+00
           -0.31250000000000D+00 -0.18750000000000D+00  0.18750000000000D+00
           -0.18750000000000D+00 -0.18750000000000D+00  0.18750000000000D+00
           -0.62500000000000D-01 -0.18750000000000D+00  0.18750000000000D+00
            0.62500000000000D-01 -0.62500000000000D-01  0.18750000000000D+00
            0.18750000000000D+00 -0.62500000000000D-01  0.18750000000000D+00
            0.31250000000000D+00 -0.62500000000000D-01  0.18750000000000D+00
            0.43750000000000D+00 -0.62500000000000D-01  0.18750000000000D+00
           -0.43750000000000D+00 -0.62500000000000D-01  0.18750000000000D+00
           -0.31250000000000D+00 -0.62500000000000D-01  0.18750000000000D+00
           -0.18750000000000D+00 -0.62500000000000D-01  0.18750000000000D+00
           -0.62500000000000D-01 -0.62500000000000D-01  0.18750000000000D+00
            0.62500000000000D-01  0.62500000000000D-01  0.31250000000000D+00
            0.18750000000000D+00  0.62500000000000D-01  0.31250000000000D+00
            0.31250000000000D+00  0.62500000000000D-01  0.31250000000000D+00
            0.43750000000000D+00  0.62500000000000D-01  0.31250000000000D+00
           -0.43750000000000D+00  0.62500000000000D-01  0.31250000000000D+00
           -0.31250000000000D+00  0.62500000000000D-01  0.31250000000000D+00
           -0.18750000000000D+00  0.62500000000000D-01  0.31250000000000D+00
           -0.62500000000000D-01  0.62500000000000D-01  0.31250000000000D+00
            0.62500000000000D-01  0.18750000000000D+00  0.31250000000000D+00
            0.18750000000000D+00  0.18750000000000D+00  0.31250000000000D+00
            0.31250000000000D+00  0.18750000000000D+00  0.31250000000000D+00
            0.43750000000000D+00  0.18750000000000D+00  0.31250000000000D+00
           -0.43750000000000D+00  0.18750000000000D+00  0.31250000000000D+00
           -0.31250000000000D+00  0.18750000000000D+00  0.31250000000000D+00
           -0.18750000000000D+00  0.18750000000000D+00  0.31250000000000D+00
           -0.62500000000000D-01  0.18750000000000D+00  0.31250000000000D+00
            0.62500000000000D-01  0.31250000000000D+00  0.31250000000000D+00
            0.18750000000000D+00  0.31250000000000D+00  0.31250000000000D+00
            0.31250000000000D+00  0.31250000000000D+00  0.31250000000000D+00
            0.43750000000000D+00  0.31250000000000D+00  0.31250000000000D+00
           -0.43750000000000D+00  0.31250000000000D+00  0.31250000000000D+00
           -0.31250000000000D+00  0.31250000000000D+00  0.31250000000000D+00
           -0.18750000000000D+00  0.31250000000000D+00  0.31250000000000D+00
           -0.62500000000000D-01  0.31250000000000D+00  0.31250000000000D+00
            0.62500000000000D-01  0.43750000000000D+00  0.31250000000000D+00
            0.18750000000000D+00  0.43750000000000D+00  0.31250000000000D+00
            0.31250000000000D+00  0.43750000000000D+00  0.31250000000000D+00
            0.43750000000000D+00  0.43750000000000D+00  0.31250000000000D+00
           -0.43750000000000D+00  0.43750000000000D+00  0.31250000000000D+00
           -0.31250000000000D+00  0.43750000000000D+00  0.31250000000000D+00
           -0.18750000000000D+00  0.43750000000000D+00  0.31250000000000D+00
           -0.62500000000000D-01  0.43750000000000D+00  0.31250000000000D+00
            0.62500000000000D-01 -0.43750000000000D+00  0.31250000000000D+00
            0.18750000000000D+00 -0.43750000000000D+00  0.31250000000000D+00
            0.31250000000000D+00 -0.43750000000000D+00  0.31250000000000D+00
            0.43750000000000D+00 -0.43750000000000D+00  0.31250000000000D+00
           -0.43750000000000D+00 -0.43750000000000D+00  0.31250000000000D+00
           -0.31250000000000D+00 -0.43750000000000D+00  0.31250000000000D+00
           -0.18750000000000D+00 -0.43750000000000D+00  0.31250000000000D+00
           -0.62500000000000D-01 -0.43750000000000D+00  0.31250000000000D+00
            0.62500000000000D-01 -0.31250000000000D+00  0.31250000000000D+00
            0.18750000000000D+00 -0.31250000000000D+00  0.31250000000000D+00
            0.31250000000000D+00 -0.31250000000000D+00  0.31250000000000D+00
            0.43750000000000D+00 -0.31250000000000D+00  0.31250000000000D+00
           -0.43750000000000D+00 -0.31250000000000D+00  0.31250000000000D+00
           -0.31250000000000D+00 -0.31250000000000D+00  0.31250000000000D+00
           -0.18750000000000D+00 -0.31250000000000D+00  0.31250000000000D+00
           -0.62500000000000D-01 -0.31250000000000D+00  0.31250000000000D+00
            0.62500000000000D-01 -0.18750000000000D+00  0.31250000000000D+00
            0.18750000000000D+00 -0.18750000000000D+00  0.31250000000000D+00
            0.31250000000000D+00 -0.18750000000000D+00  0.31250000000000D+00
            0.43750000000000D+00 -0.18750000000000D+00  0.31250000000000D+00
           -0.43750000000000D+00 -0.18750000000000D+00  0.31250000000000D+00
           -0.31250000000000D+00 -0.18750000000000D+00  0.31250000000000D+00
           -0.18750000000000D+00 -0.18750000000000D+00  0.31250000000000D+00
           -0.62500000000000D-01 -0.18750000000000D+00  0.31250000000000D+00
            0.62500000000000D-01 -0.62500000000000D-01  0.31250000000000D+00
            0.18750000000000D+00 -0.62500000000000D-01  0.31250000000000D+00
            0.31250000000000D+00 -0.62500000000000D-01  0.31250000000000D+00
            0.43750000000000D+00 -0.62500000000000D-01  0.31250000000000D+00
           -0.43750000000000D+00 -0.62500000000000D-01  0.31250000000000D+00
           -0.31250000000000D+00 -0.62500000000000D-01  0.31250000000000D+00
           -0.18750000000000D+00 -0.62500000000000D-01  0.31250000000000D+00
           -0.62500000000000D-01 -0.62500000000000D-01  0.31250000000000D+00
            0.62500000000000D-01  0.62500000000000D-01  0.43750000000000D+00
            0.18750000000000D+00  0.62500000000000D-01  0.43750000000000D+00
            0.31250000000000D+00  0.62500000000000D-01  0.43750000000000D+00
            0.43750000000000D+00  0.62500000000000D-01  0.43750000000000D+00
           -0.43750000000000D+00  0.62500000000000D-01  0.43750000000000D+00
           -0.31250000000000D+00  0.62500000000000D-01  0.43750000000000D+00
           -0.18750000000000D+00  0.62500000000000D-01  0.43750000000000D+00
           -0.62500000000000D-01  0.62500000000000D-01  0.43750000000000D+00
            0.62500000000000D-01  0.18750000000000D+00  0.43750000000000D+00
            0.18750000000000D+00  0.18750000000000D+00  0.43750000000000D+00
            0.31250000000000D+00  0.18750000000000D+00  0.43750000000000D+00
            0.43750000000000D+00  0.18750000000000D+00  0.43750000000000D+00
           -0.43750000000000D+00  0.18750000000000D+00  0.43750000000000D+00
           -0.31250000000000D+00  0.18750000000000D+00  0.43750000000000D+00
           -0.18750000000000D+00  0.18750000000000D+00  0.43750000000000D+00
           -0.62500000000000D-01  0.18750000000000D+00  0.43750000000000D+00
            0.62500000000000D-01  0.31250000000000D+00  0.43750000000000D+00
            0.18750000000000D+00  0.31250000000000D+00  0.43750000000000D+00
            0.31250000000000D+00  0.31250000000000D+00  0.43750000000000D+00
            0.43750000000000D+00  0.31250000000000D+00  0.43750000000000D+00
           -0.43750000000000D+00  0.31250000000000D+00  0.43750000000000D+00
           -0.31250000000000D+00  0.31250000000000D+00  0.43750000000000D+00
           -0.18750000000000D+00  0.31250000000000D+00  0.43750000000000D+00
           -0.62500000000000D-01  0.31250000000000D+00  0.43750000000000D+00
            0.62500000000000D-01  0.43750000000000D+00  0.43750000000000D+00
            0.18750000000000D+00  0.43750000000000D+00  0.43750000000000D+00
            0.31250000000000D+00  0.43750000000000D+00  0.43750000000000D+00
            0.43750000000000D+00  0.43750000000000D+00  0.43750000000000D+00
           -0.43750000000000D+00  0.43750000000000D+00  0.43750000000000D+00
           -0.31250000000000D+00  0.43750000000000D+00  0.43750000000000D+00
           -0.18750000000000D+00  0.43750000000000D+00  0.43750000000000D+00
           -0.62500000000000D-01  0.43750000000000D+00  0.43750000000000D+00
            0.62500000000000D-01 -0.43750000000000D+00  0.43750000000000D+00
            0.18750000000000D+00 -0.43750000000000D+00  0.43750000000000D+00
            0.31250000000000D+00 -0.43750000000000D+00  0.43750000000000D+00
            0.43750000000000D+00 -0.43750000000000D+00  0.43750000000000D+00
           -0.43750000000000D+00 -0.43750000000000D+00  0.43750000000000D+00
           -0.31250000000000D+00 -0.43750000000000D+00  0.43750000000000D+00
           -0.18750000000000D+00 -0.43750000000000D+00  0.43750000000000D+00
           -0.62500000000000D-01 -0.43750000000000D+00  0.43750000000000D+00
            0.62500000000000D-01 -0.31250000000000D+00  0.43750000000000D+00
            0.18750000000000D+00 -0.31250000000000D+00  0.43750000000000D+00
            0.31250000000000D+00 -0.31250000000000D+00  0.43750000000000D+00
            0.43750000000000D+00 -0.31250000000000D+00  0.43750000000000D+00
           -0.43750000000000D+00 -0.31250000000000D+00  0.43750000000000D+00
           -0.31250000000000D+00 -0.31250000000000D+00  0.43750000000000D+00
           -0.18750000000000D+00 -0.31250000000000D+00  0.43750000000000D+00
           -0.62500000000000D-01 -0.31250000000000D+00  0.43750000000000D+00
            0.62500000000000D-01 -0.18750000000000D+00  0.43750000000000D+00
            0.18750000000000D+00 -0.18750000000000D+00  0.43750000000000D+00
            0.31250000000000D+00 -0.18750000000000D+00  0.43750000000000D+00
            0.43750000000000D+00 -0.18750000000000D+00  0.43750000000000D+00
           -0.43750000000000D+00 -0.18750000000000D+00  0.43750000000000D+00
           -0.31250000000000D+00 -0.18750000000000D+00  0.43750000000000D+00
           -0.18750000000000D+00 -0.18750000000000D+00  0.43750000000000D+00
           -0.62500000000000D-01 -0.18750000000000D+00  0.43750000000000D+00
            0.62500000000000D-01 -0.62500000000000D-01  0.43750000000000D+00
            0.18750000000000D+00 -0.62500000000000D-01  0.43750000000000D+00
            0.31250000000000D+00 -0.62500000000000D-01  0.43750000000000D+00
            0.43750000000000D+00 -0.62500000000000D-01  0.43750000000000D+00
           -0.43750000000000D+00 -0.62500000000000D-01  0.43750000000000D+00
           -0.31250000000000D+00 -0.62500000000000D-01  0.43750000000000D+00
           -0.18750000000000D+00 -0.62500000000000D-01  0.43750000000000D+00
           -0.62500000000000D-01 -0.62500000000000D-01  0.43750000000000D+00
            0.62500000000000D-01  0.62500000000000D-01 -0.43750000000000D+00
            0.18750000000000D+00  0.62500000000000D-01 -0.43750000000000D+00
            0.31250000000000D+00  0.62500000000000D-01 -0.43750000000000D+00
            0.43750000000000D+00  0.62500000000000D-01 -0.43750000000000D+00
           -0.43750000000000D+00  0.62500000000000D-01 -0.43750000000000D+00
           -0.31250000000000D+00  0.62500000000000D-01 -0.43750000000000D+00
           -0.18750000000000D+00  0.62500000000000D-01 -0.43750000000000D+00
           -0.62500000000000D-01  0.62500000000000D-01 -0.43750000000000D+00
            0.62500000000000D-01  0.18750000000000D+00 -0.43750000000000D+00
            0.18750000000000D+00  0.18750000000000D+00 -0.43750000000000D+00
            0.31250000000000D+00  0.18750000000000D+00 -0.43750000000000D+00
            0.43750000000000D+00  0.18750000000000D+00 -0.43750000000000D+00
           -0.43750000000000D+00  0.18750000000000D+00 -0.43750000000000D+00
           -0.31250000000000D+00  0.18750000000000D+00 -0.43750000000000D+00
           -0.18750000000000D+00  0.18750000000000D+00 -0.43750000000000D+00
           -0.62500000000000D-01  0.18750000000000D+00 -0.43750000000000D+00
            0.62500000000000D-01  0.31250000000000D+00 -0.43750000000000D+00
            0.18750000000000D+00  0.31250000000000D+00 -0.43750000000000D+00
            0.31250000000000D+00  0.31250000000000D+00 -0.43750000000000D+00
            0.43750000000000D+00  0.31250000000000D+00 -0.43750000000000D+00
           -0.43750000000000D+00  0.31250000000000D+00 -0.43750000000000D+00
           -0.31250000000000D+00  0.31250000000000D+00 -0.43750000000000D+00
           -0.18750000000000D+00  0.31250000000000D+00 -0.43750000000000D+00
           -0.62500000000000D-01  0.31250000000000D+00 -0.43750000000000D+00
            0.62500000000000D-01  0.43750000000000D+00 -0.43750000000000D+00
            0.18750000000000D+00  0.43750000000000D+00 -0.43750000000000D+00
            0.31250000000000D+00  0.43750000000000D+00 -0.43750000000000D+00
            0.43750000000000D+00  0.43750000000000D+00 -0.43750000000000D+00
           -0.43750000000000D+00  0.43750000000000D+00 -0.43750000000000D+00
           -0.31250000000000D+00  0.43750000000000D+00 -0.43750000000000D+00
           -0.18750000000000D+00  0.43750000000000D+00 -0.43750000000000D+00
           -0.62500000000000D-01  0.43750000000000D+00 -0.43750000000000D+00
            0.62500000000000D-01 -0.43750000000000D+00 -0.43750000000000D+00
            0.18750000000000D+00 -0.43750000000000D+00 -0.43750000000000D+00
            0.31250000000000D+00 -0.43750000000000D+00 -0.43750000000000D+00
            0.43750000000000D+00 -0.43750000000000D+00 -0.43750000000000D+00
           -0.43750000000000D+00 -0.43750000000000D+00 -0.43750000000000D+00
           -0.31250000000000D+00 -0.43750000000000D+00 -0.43750000000000D+00
           -0.18750000000000D+00 -0.43750000000000D+00 -0.43750000000000D+00
           -0.62500000000000D-01 -0.43750000000000D+00 -0.43750000000000D+00
            0.62500000000000D-01 -0.31250000000000D+00 -0.43750000000000D+00
            0.18750000000000D+00 -0.31250000000000D+00 -0.43750000000000D+00
            0.31250000000000D+00 -0.31250000000000D+00 -0.43750000000000D+00
            0.43750000000000D+00 -0.31250000000000D+00 -0.43750000000000D+00
           -0.43750000000000D+00 -0.31250000000000D+00 -0.43750000000000D+00
           -0.31250000000000D+00 -0.31250000000000D+00 -0.43750000000000D+00
           -0.18750000000000D+00 -0.31250000000000D+00 -0.43750000000000D+00
           -0.62500000000000D-01 -0.31250000000000D+00 -0.43750000000000D+00
            0.62500000000000D-01 -0.18750000000000D+00 -0.43750000000000D+00
            0.18750000000000D+00 -0.18750000000000D+00 -0.43750000000000D+00
            0.31250000000000D+00 -0.18750000000000D+00 -0.43750000000000D+00
            0.43750000000000D+00 -0.18750000000000D+00 -0.43750000000000D+00
           -0.43750000000000D+00 -0.18750000000000D+00 -0.43750000000000D+00
           -0.31250000000000D+00 -0.18750000000000D+00 -0.43750000000000D+00
           -0.18750000000000D+00 -0.18750000000000D+00 -0.43750000000000D+00
           -0.62500000000000D-01 -0.18750000000000D+00 -0.43750000000000D+00
            0.62500000000000D-01 -0.62500000000000D-01 -0.43750000000000D+00
            0.18750000000000D+00 -0.62500000000000D-01 -0.43750000000000D+00
            0.31250000000000D+00 -0.62500000000000D-01 -0.43750000000000D+00
            0.43750000000000D+00 -0.62500000000000D-01 -0.43750000000000D+00
           -0.43750000000000D+00 -0.62500000000000D-01 -0.43750000000000D+00
           -0.31250000000000D+00 -0.62500000000000D-01 -0.43750000000000D+00
           -0.18750000000000D+00 -0.62500000000000D-01 -0.43750000000000D+00
           -0.62500000000000D-01 -0.62500000000000D-01 -0.43750000000000D+00
            0.62500000000000D-01  0.62500000000000D-01 -0.31250000000000D+00
            0.18750000000000D+00  0.62500000000000D-01 -0.31250000000000D+00
            0.31250000000000D+00  0.62500000000000D-01 -0.31250000000000D+00
            0.43750000000000D+00  0.62500000000000D-01 -0.31250000000000D+00
           -0.43750000000000D+00  0.62500000000000D-01 -0.31250000000000D+00
           -0.31250000000000D+00  0.62500000000000D-01 -0.31250000000000D+00
           -0.18750000000000D+00  0.62500000000000D-01 -0.31250000000000D+00
           -0.62500000000000D-01  0.62500000000000D-01 -0.31250000000000D+00
            0.62500000000000D-01  0.18750000000000D+00 -0.31250000000000D+00
            0.18750000000000D+00  0.18750000000000D+00 -0.31250000000000D+00
            0.31250000000000D+00  0.18750000000000D+00 -0.31250000000000D+00
            0.43750000000000D+00  0.18750000000000D+00 -0.31250000000000D+00
           -0.43750000000000D+00  0.18750000000000D+00 -0.31250000000000D+00
           -0.31250000000000D+00  0.18750000000000D+00 -0.31250000000000D+00
           -0.18750000000000D+00  0.18750000000000D+00 -0.31250000000000D+00
           -0.62500000000000D-01  0.18750000000000D+00 -0.31250000000000D+00
            0.62500000000000D-01  0.31250000000000D+00 -0.31250000000000D+00
            0.18750000000000D+00  0.31250000000000D+00 -0.31250000000000D+00
            0.31250000000000D+00  0.31250000000000D+00 -0.31250000000000D+00
            0.43750000000000D+00  0.31250000000000D+00 -0.31250000000000D+00
           -0.43750000000000D+00  0.31250000000000D+00 -0.31250000000000D+00
           -0.31250000000000D+00  0.31250000000000D+00 -0.31250000000000D+00
           -0.18750000000000D+00  0.31250000000000D+00 -0.31250000000000D+00
           -0.62500000000000D-01  0.31250000000000D+00 -0.31250000000000D+00
            0.62500000000000D-01  0.43750000000000D+00 -0.31250000000000D+00
            0.18750000000000D+00  0.43750000000000D+00 -0.31250000000000D+00
            0.31250000000000D+00  0.43750000000000D+00 -0.31250000000000D+00
            0.43750000000000D+00  0.43750000000000D+00 -0.31250000000000D+00
           -0.43750000000000D+00  0.43750000000000D+00 -0.31250000000000D+00
           -0.31250000000000D+00  0.43750000000000D+00 -0.31250000000000D+00
           -0.18750000000000D+00  0.43750000000000D+00 -0.31250000000000D+00
           -0.62500000000000D-01  0.43750000000000D+00 -0.31250000000000D+00
            0.62500000000000D-01 -0.43750000000000D+00 -0.31250000000000D+00
            0.18750000000000D+00 -0.43750000000000D+00 -0.31250000000000D+00
            0.31250000000000D+00 -0.43750000000000D+00 -0.31250000000000D+00
            0.43750000000000D+00 -0.43750000000000D+00 -0.31250000000000D+00
           -0.43750000000000D+00 -0.43750000000000D+00 -0.31250000000000D+00
           -0.31250000000000D+00 -0.43750000000000D+00 -0.31250000000000D+00
           -0.18750000000000D+00 -0.43750000000000D+00 -0.31250000000000D+00
           -0.62500000000000D-01 -0.43750000000000D+00 -0.31250000000000D+00
            0.62500000000000D-01 -0.31250000000000D+00 -0.31250000000000D+00
            0.18750000000000D+00 -0.31250000000000D+00 -0.31250000000000D+00
            0.31250000000000D+00 -0.31250000000000D+00 -0.31250000000000D+00
            0.43750000000000D+00 -0.31250000000000D+00 -0.31250000000000D+00
           -0.43750000000000D+00 -0.31250000000000D+00 -0.31250000000000D+00
           -0.31250000000000D+00 -0.31250000000000D+00 -0.31250000000000D+00
           -0.18750000000000D+00 -0.31250000000000D+00 -0.31250000000000D+00
           -0.62500000000000D-01 -0.31250000000000D+00 -0.31250000000000D+00
            0.62500000000000D-01 -0.18750000000000D+00 -0.31250000000000D+00
            0.18750000000000D+00 -0.18750000000000D+00 -0.31250000000000D+00
            0.31250000000000D+00 -0.18750000000000D+00 -0.31250000000000D+00
            0.43750000000000D+00 -0.18750000000000D+00 -0.31250000000000D+00
           -0.43750000000000D+00 -0.18750000000000D+00 -0.31250000000000D+00
           -0.31250000000000D+00 -0.18750000000000D+00 -0.31250000000000D+00
           -0.18750000000000D+00 -0.18750000000000D+00 -0.31250000000000D+00
           -0.62500000000000D-01 -0.18750000000000D+00 -0.31250000000000D+00
            0.62500000000000D-01 -0.62500000000000D-01 -0.31250000000000D+00
            0.18750000000000D+00 -0.62500000000000D-01 -0.31250000000000D+00
            0.31250000000000D+00 -0.62500000000000D-01 -0.31250000000000D+00
            0.43750000000000D+00 -0.62500000000000D-01 -0.31250000000000D+00
           -0.43750000000000D+00 -0.62500000000000D-01 -0.31250000000000D+00
           -0.31250000000000D+00 -0.62500000000000D-01 -0.31250000000000D+00
           -0.18750000000000D+00 -0.62500000000000D-01 -0.31250000000000D+00
           -0.62500000000000D-01 -0.62500000000000D-01 -0.31250000000000D+00
            0.62500000000000D-01  0.62500000000000D-01 -0.18750000000000D+00
            0.18750000000000D+00  0.62500000000000D-01 -0.18750000000000D+00
            0.31250000000000D+00  0.62500000000000D-01 -0.18750000000000D+00
            0.43750000000000D+00  0.62500000000000D-01 -0.18750000000000D+00
           -0.43750000000000D+00  0.62500000000000D-01 -0.18750000000000D+00
           -0.31250000000000D+00  0.62500000000000D-01 -0.18750000000000D+00
           -0.18750000000000D+00  0.62500000000000D-01 -0.18750000000000D+00
           -0.62500000000000D-01  0.62500000000000D-01 -0.18750000000000D+00
            0.62500000000000D-01  0.18750000000000D+00 -0.18750000000000D+00
            0.18750000000000D+00  0.18750000000000D+00 -0.18750000000000D+00
            0.31250000000000D+00  0.18750000000000D+00 -0.18750000000000D+00
            0.43750000000000D+00  0.18750000000000D+00 -0.18750000000000D+00
           -0.43750000000000D+00  0.18750000000000D+00 -0.18750000000000D+00
           -0.31250000000000D+00  0.18750000000000D+00 -0.18750000000000D+00
           -0.18750000000000D+00  0.18750000000000D+00 -0.18750000000000D+00
           -0.62500000000000D-01  0.18750000000000D+00 -0.18750000000000D+00
            0.62500000000000D-01  0.31250000000000D+00 -0.18750000000000D+00
            0.18750000000000D+00  0.31250000000000D+00 -0.18750000000000D+00
            0.31250000000000D+00  0.31250000000000D+00 -0.18750000000000D+00
            0.43750000000000D+00  0.31250000000000D+00 -0.18750000000000D+00
           -0.43750000000000D+00  0.31250000000000D+00 -0.18750000000000D+00
           -0.31250000000000D+00  0.31250000000000D+00 -0.18750000000000D+00
           -0.18750000000000D+00  0.31250000000000D+00 -0.18750000000000D+00
           -0.62500000000000D-01  0.31250000000000D+00 -0.18750000000000D+00
            0.62500000000000D-01  0.43750000000000D+00 -0.18750000000000D+00
            0.18750000000000D+00  0.43750000000000D+00 -0.18750000000000D+00
            0.31250000000000D+00  0.43750000000000D+00 -0.18750000000000D+00
            0.43750000000000D+00  0.43750000000000D+00 -0.18750000000000D+00
           -0.43750000000000D+00  0.43750000000000D+00 -0.18750000000000D+00
           -0.31250000000000D+00  0.43750000000000D+00 -0.18750000000000D+00
           -0.18750000000000D+00  0.43750000000000D+00 -0.18750000000000D+00
           -0.62500000000000D-01  0.43750000000000D+00 -0.18750000000000D+00
            0.62500000000000D-01 -0.43750000000000D+00 -0.18750000000000D+00
            0.18750000000000D+00 -0.43750000000000D+00 -0.18750000000000D+00
            0.31250000000000D+00 -0.43750000000000D+00 -0.18750000000000D+00
            0.43750000000000D+00 -0.43750000000000D+00 -0.18750000000000D+00
           -0.43750000000000D+00 -0.43750000000000D+00 -0.18750000000000D+00
           -0.31250000000000D+00 -0.43750000000000D+00 -0.18750000000000D+00
           -0.18750000000000D+00 -0.43750000000000D+00 -0.18750000000000D+00
           -0.62500000000000D-01 -0.43750000000000D+00 -0.18750000000000D+00
            0.62500000000000D-01 -0.31250000000000D+00 -0.18750000000000D+00
            0.18750000000000D+00 -0.31250000000000D+00 -0.18750000000000D+00
            0.31250000000000D+00 -0.31250000000000D+00 -0.18750000000000D+00
            0.43750000000000D+00 -0.31250000000000D+00 -0.18750000000000D+00
           -0.43750000000000D+00 -0.31250000000000D+00 -0.18750000000000D+00
           -0.31250000000000D+00 -0.31250000000000D+00 -0.18750000000000D+00
           -0.18750000000000D+00 -0.31250000000000D+00 -0.18750000000000D+00
           -0.62500000000000D-01 -0.31250000000000D+00 -0.18750000000000D+00
            0.62500000000000D-01 -0.18750000000000D+00 -0.18750000000000D+00
            0.18750000000000D+00 -0.18750000000000D+00 -0.18750000000000D+00
            0.31250000000000D+00 -0.18750000000000D+00 -0.18750000000000D+00
            0.43750000000000D+00 -0.18750000000000D+00 -0.18750000000000D+00
           -0.43750000000000D+00 -0.18750000000000D+00 -0.18750000000000D+00
           -0.31250000000000D+00 -0.18750000000000D+00 -0.18750000000000D+00
           -0.18750000000000D+00 -0.18750000000000D+00 -0.18750000000000D+00
           -0.62500000000000D-01 -0.18750000000000D+00 -0.18750000000000D+00
            0.62500000000000D-01 -0.62500000000000D-01 -0.18750000000000D+00
            0.18750000000000D+00 -0.62500000000000D-01 -0.18750000000000D+00
            0.31250000000000D+00 -0.62500000000000D-01 -0.18750000000000D+00
            0.43750000000000D+00 -0.62500000000000D-01 -0.18750000000000D+00
           -0.43750000000000D+00 -0.62500000000000D-01 -0.18750000000000D+00
           -0.31250000000000D+00 -0.62500000000000D-01 -0.18750000000000D+00
           -0.18750000000000D+00 -0.62500000000000D-01 -0.18750000000000D+00
           -0.62500000000000D-01 -0.62500000000000D-01 -0.18750000000000D+00
            0.62500000000000D-01  0.62500000000000D-01 -0.62500000000000D-01
            0.18750000000000D+00  0.62500000000000D-01 -0.62500000000000D-01
            0.31250000000000D+00  0.62500000000000D-01 -0.62500000000000D-01
            0.43750000000000D+00  0.62500000000000D-01 -0.62500000000000D-01
           -0.43750000000000D+00  0.62500000000000D-01 -0.62500000000000D-01
           -0.31250000000000D+00  0.62500000000000D-01 -0.62500000000000D-01
           -0.18750000000000D+00  0.62500000000000D-01 -0.62500000000000D-01
           -0.62500000000000D-01  0.62500000000000D-01 -0.62500000000000D-01
            0.62500000000000D-01  0.18750000000000D+00 -0.62500000000000D-01
            0.18750000000000D+00  0.18750000000000D+00 -0.62500000000000D-01
            0.31250000000000D+00  0.18750000000000D+00 -0.62500000000000D-01
            0.43750000000000D+00  0.18750000000000D+00 -0.62500000000000D-01
           -0.43750000000000D+00  0.18750000000000D+00 -0.62500000000000D-01
           -0.31250000000000D+00  0.18750000000000D+00 -0.62500000000000D-01
           -0.18750000000000D+00  0.18750000000000D+00 -0.62500000000000D-01
           -0.62500000000000D-01  0.18750000000000D+00 -0.62500000000000D-01
            0.62500000000000D-01  0.31250000000000D+00 -0.62500000000000D-01
            0.18750000000000D+00  0.31250000000000D+00 -0.62500000000000D-01
            0.31250000000000D+00  0.31250000000000D+00 -0.62500000000000D-01
            0.43750000000000D+00  0.31250000000000D+00 -0.62500000000000D-01
           -0.43750000000000D+00  0.31250000000000D+00 -0.62500000000000D-01
           -0.31250000000000D+00  0.31250000000000D+00 -0.62500000000000D-01
           -0.18750000000000D+00  0.31250000000000D+00 -0.62500000000000D-01
           -0.62500000000000D-01  0.31250000000000D+00 -0.62500000000000D-01
            0.62500000000000D-01  0.43750000000000D+00 -0.62500000000000D-01
            0.18750000000000D+00  0.43750000000000D+00 -0.62500000000000D-01
            0.31250000000000D+00  0.43750000000000D+00 -0.62500000000000D-01
            0.43750000000000D+00  0.43750000000000D+00 -0.62500000000000D-01
           -0.43750000000000D+00  0.43750000000000D+00 -0.62500000000000D-01
           -0.31250000000000D+00  0.43750000000000D+00 -0.62500000000000D-01
           -0.18750000000000D+00  0.43750000000000D+00 -0.62500000000000D-01
           -0.62500000000000D-01  0.43750000000000D+00 -0.62500000000000D-01
            0.62500000000000D-01 -0.43750000000000D+00 -0.62500000000000D-01
            0.18750000000000D+00 -0.43750000000000D+00 -0.62500000000000D-01
            0.31250000000000D+00 -0.43750000000000D+00 -0.62500000000000D-01
            0.43750000000000D+00 -0.43750000000000D+00 -0.62500000000000D-01
           -0.43750000000000D+00 -0.43750000000000D+00 -0.62500000000000D-01
           -0.31250000000000D+00 -0.43750000000000D+00 -0.62500000000000D-01
           -0.18750000000000D+00 -0.43750000000000D+00 -0.62500000000000D-01
           -0.62500000000000D-01 -0.43750000000000D+00 -0.62500000000000D-01
            0.62500000000000D-01 -0.31250000000000D+00 -0.62500000000000D-01
            0.18750000000000D+00 -0.31250000000000D+00 -0.62500000000000D-01
            0.31250000000000D+00 -0.31250000000000D+00 -0.62500000000000D-01
            0.43750000000000D+00 -0.31250000000000D+00 -0.62500000000000D-01
           -0.43750000000000D+00 -0.31250000000000D+00 -0.62500000000000D-01
           -0.31250000000000D+00 -0.31250000000000D+00 -0.62500000000000D-01
           -0.18750000000000D+00 -0.31250000000000D+00 -0.62500000000000D-01
           -0.62500000000000D-01 -0.31250000000000D+00 -0.62500000000000D-01
            0.62500000000000D-01 -0.18750000000000D+00 -0.62500000000000D-01
            0.18750000000000D+00 -0.18750000000000D+00 -0.62500000000000D-01
            0.31250000000000D+00 -0.18750000000000D+00 -0.62500000000000D-01
            0.43750000000000D+00 -0.18750000000000D+00 -0.62500000000000D-01
           -0.43750000000000D+00 -0.18750000000000D+00 -0.62500000000000D-01
           -0.31250000000000D+00 -0.18750000000000D+00 -0.62500000000000D-01
           -0.18750000000000D+00 -0.18750000000000D+00 -0.62500000000000D-01
           -0.62500000000000D-01 -0.18750000000000D+00 -0.62500000000000D-01
            0.62500000000000D-01 -0.62500000000000D-01 -0.62500000000000D-01
            0.18750000000000D+00 -0.62500000000000D-01 -0.62500000000000D-01
            0.31250000000000D+00 -0.62500000000000D-01 -0.62500000000000D-01
            0.43750000000000D+00 -0.62500000000000D-01 -0.62500000000000D-01
           -0.43750000000000D+00 -0.62500000000000D-01 -0.62500000000000D-01
           -0.31250000000000D+00 -0.62500000000000D-01 -0.62500000000000D-01
           -0.18750000000000D+00 -0.62500000000000D-01 -0.62500000000000D-01
           -0.62500000000000D-01 -0.62500000000000D-01 -0.62500000000000D-01
    kptnrm  0.10000000000000D+01
     ngfft        45   45   45
    nspden         1
   nspinor         1
       occ  0.20000000000000D+01  0.20000000000000D+01  0.20000000000000D+01
            0.20000000000000D+01  0.20000000000000D+01  0.20000000000000D+01
            0.20000000000000D+01  0.20000000000000D+01  0.20000000000000D+01
            0.20000000000000D+01  0.20000000000000D+01  0.20000000000000D+01
            0.20000000000000D+01  0.20000000000000D+01  0.20000000000000D+01
            0.20000000000000D+01  0.20000000000000D+01  0.20000000000000D+01
            0.20000000000000D+01  0.20000000000000D+01
     rprim  0.10000000000000D+01  0.00000000000000D+00  0.00000000000000D+00
            0.00000000000000D+00  0.10000000000000D+01  0.00000000000000D+00
            0.00000000000000D+00  0.00000000000000D+00  0.10000000000000D+01
     sciss  0.00000000000000D+00
    spinat  0.00000000000000D+00  0.00000000000000D+00  0.00000000000000D+00
            0.00000000000000D+00  0.00000000000000D+00  0.00000000000000D+00
            0.00000000000000D+00  0.00000000000000D+00  0.00000000000000D+00
            0.00000000000000D+00  0.00000000000000D+00  0.00000000000000D+00
            0.00000000000000D+00  0.00000000000000D+00  0.00000000000000D+00
    symafm         1    1    1    1    1    1    1    1    1    1    1    1
                   1    1    1    1    1    1    1    1    1    1    1    1
                   1    1    1    1    1    1    1    1    1    1    1    1
                   1    1    1    1    1    1    1    1    1    1    1    1
    symrel         1    0    0    0    1    0    0    0    1
                  -1    0    0    0   -1    0    0    0   -1
                  -1    0    0    0    1    0    0    0   -1
                   1    0    0    0   -1    0    0    0    1
                  -1    0    0    0   -1    0    0    0    1
                   1    0    0    0    1    0    0    0   -1
                   1    0    0    0   -1    0    0    0   -1
                  -1    0    0    0    1    0    0    0    1
                   0    1    0    1    0    0    0    0    1
                   0   -1    0   -1    0    0    0    0   -1
                   0   -1    0    1    0    0    0    0   -1
                   0    1    0   -1    0    0    0    0    1
                   0   -1    0   -1    0    0    0    0    1
                   0    1    0    1    0    0    0    0   -1
                   0    1    0   -1    0    0    0    0   -1
                   0   -1    0    1    0    0    0    0    1
                   0    0    1    1    0    0    0    1    0
                   0    0   -1   -1    0    0    0   -1    0
                   0    0   -1    1    0    0    0   -1    0
                   0    0    1   -1    0    0    0    1    0
                   0    0   -1   -1    0    0    0    1    0
                   0    0    1    1    0    0    0   -1    0
                   0    0    1   -1    0    0    0   -1    0
                   0    0   -1    1    0    0    0    1    0
                   1    0    0    0    0    1    0    1    0
                  -1    0    0    0    0   -1    0   -1    0
                  -1    0    0    0    0    1    0   -1    0
                   1    0    0    0    0   -1    0    1    0
                  -1    0    0    0    0   -1    0    1    0
                   1    0    0    0    0    1    0   -1    0
                   1    0    0    0    0   -1    0   -1    0
                  -1    0    0    0    0    1    0    1    0
                   0    1    0    0    0    1    1    0    0
                   0   -1    0    0    0   -1   -1    0    0
                   0   -1    0    0    0    1   -1    0    0
                   0    1    0    0    0   -1    1    0    0
                   0   -1    0    0    0   -1    1    0    0
                   0    1    0    0    0    1   -1    0    0
                   0    1    0    0    0   -1   -1    0    0
                   0   -1    0    0    0    1    1    0    0
                   0    0    1    0    1    0    1    0    0
                   0    0   -1    0   -1    0   -1    0    0
                   0    0   -1    0    1    0   -1    0    0
                   0    0    1    0   -1    0    1    0    0
                   0    0   -1    0   -1    0    1    0    0
                   0    0    1    0    1    0   -1    0    0
                   0    0    1    0   -1    0   -1    0    0
                   0    0   -1    0    1    0    1    0    0
     tnons  0.00000000000000D+00  0.00000000000000D+00  0.00000000000000D+00
            0.00000000000000D+00  0.00000000000000D+00  0.00000000000000D+00
            0.00000000000000D+00  0.00000000000000D+00  0.00000000000000D+00
            0.00000000000000D+00  0.00000000000000D+00  0.00000000000000D+00
            0.00000000000000D+00  0.00000000000000D+00  0.00000000000000D+00
            0.00000000000000D+00  0.00000000000000D+00  0.00000000000000D+00
            0.00000000000000D+00  0.00000000000000D+00  0.00000000000000D+00
            0.00000000000000D+00  0.00000000000000D+00  0.00000000000000D+00
            0.00000000000000D+00  0.00000000000000D+00  0.00000000000000D+00
            0.00000000000000D+00  0.00000000000000D+00  0.00000000000000D+00
            0.00000000000000D+00  0.00000000000000D+00  0.00000000000000D+00
            0.00000000000000D+00  0.00000000000000D+00  0.00000000000000D+00
            0.00000000000000D+00  0.00000000000000D+00  0.00000000000000D+00
            0.00000000000000D+00  0.00000000000000D+00  0.00000000000000D+00
            0.00000000000000D+00  0.00000000000000D+00  0.00000000000000D+00
            0.00000000000000D+00  0.00000000000000D+00  0.00000000000000D+00
            0.00000000000000D+00  0.00000000000000D+00  0.00000000000000D+00
            0.00000000000000D+00  0.00000000000000D+00  0.00000000000000D+00
            0.00000000000000D+00  0.00000000000000D+00  0.00000000000000D+00
            0.00000000000000D+00  0.00000000000000D+00  0.00000000000000D+00
            0.00000000000000D+00  0.00000000000000D+00  0.00000000000000D+00
            0.00000000000000D+00  0.00000000000000D+00  0.00000000000000D+00
            0.00000000000000D+00  0.00000000000000D+00  0.00000000000000D+00
            0.00000000000000D+00  0.00000000000000D+00  0.00000000000000D+00
            0.00000000000000D+00  0.00000000000000D+00  0.00000000000000D+00
            0.00000000000000D+00  0.00000000000000D+00  0.00000000000000D+00
            0.00000000000000D+00  0.00000000000000D+00  0.00000000000000D+00
            0.00000000000000D+00  0.00000000000000D+00  0.00000000000000D+00
            0.00000000000000D+00  0.00000000000000D+00  0.00000000000000D+00
            0.00000000000000D+00  0.00000000000000D+00  0.00000000000000D+00
            0.00000000000000D+00  0.00000000000000D+00  0.00000000000000D+00
            0.00000000000000D+00  0.00000000000000D+00  0.00000000000000D+00
            0.00000000000000D+00  0.00000000000000D+00  0.00000000000000D+00
            0.00000000000000D+00  0.00000000000000D+00  0.00000000000000D+00
            0.00000000000000D+00  0.00000000000000D+00  0.00000000000000D+00
            0.00000000000000D+00  0.00000000000000D+00  0.00000000000000D+00
            0.00000000000000D+00  0.00000000000000D+00  0.00000000000000D+00
            0.00000000000000D+00  0.00000000000000D+00  0.00000000000000D+00
            0.00000000000000D+00  0.00000000000000D+00  0.00000000000000D+00
            0.00000000000000D+00  0.00000000000000D+00  0.00000000000000D+00
            0.00000000000000D+00  0.00000000000000D+00  0.00000000000000D+00
            0.00000000000000D+00  0.00000000000000D+00  0.00000000000000D+00
            0.00000000000000D+00  0.00000000000000D+00  0.00000000000000D+00
            0.00000000000000D+00  0.00000000000000D+00  0.00000000000000D+00
            0.00000000000000D+00  0.00000000000000D+00  0.00000000000000D+00
            0.00000000000000D+00  0.00000000000000D+00  0.00000000000000D+00
            0.00000000000000D+00  0.00000000000000D+00  0.00000000000000D+00
            0.00000000000000D+00  0.00000000000000D+00  0.00000000000000D+00
    tolwfr  0.10000000000000D+01
   tphysel  0.00000000000000D+00
    tsmear  0.40000000000000D-01
     typat         1    2    3    3    3
       wtk  0.19531250000000D-02  0.19531250000000D-02  0.19531250000000D-02
            0.19531250000000D-02  0.19531250000000D-02  0.19531250000000D-02
            0.19531250000000D-02  0.19531250000000D-02  0.19531250000000D-02
            0.19531250000000D-02  0.19531250000000D-02  0.19531250000000D-02
            0.19531250000000D-02  0.19531250000000D-02  0.19531250000000D-02
            0.19531250000000D-02  0.19531250000000D-02  0.19531250000000D-02
            0.19531250000000D-02  0.19531250000000D-02  0.19531250000000D-02
            0.19531250000000D-02  0.19531250000000D-02  0.19531250000000D-02
            0.19531250000000D-02  0.19531250000000D-02  0.19531250000000D-02
            0.19531250000000D-02  0.19531250000000D-02  0.19531250000000D-02
            0.19531250000000D-02  0.19531250000000D-02  0.19531250000000D-02
            0.19531250000000D-02  0.19531250000000D-02  0.19531250000000D-02
            0.19531250000000D-02  0.19531250000000D-02  0.19531250000000D-02
            0.19531250000000D-02  0.19531250000000D-02  0.19531250000000D-02
            0.19531250000000D-02  0.19531250000000D-02  0.19531250000000D-02
            0.19531250000000D-02  0.19531250000000D-02  0.19531250000000D-02
            0.19531250000000D-02  0.19531250000000D-02  0.19531250000000D-02
            0.19531250000000D-02  0.19531250000000D-02  0.19531250000000D-02
            0.19531250000000D-02  0.19531250000000D-02  0.19531250000000D-02
            0.19531250000000D-02  0.19531250000000D-02  0.19531250000000D-02
            0.19531250000000D-02  0.19531250000000D-02  0.19531250000000D-02
            0.19531250000000D-02  0.19531250000000D-02  0.19531250000000D-02
            0.19531250000000D-02  0.19531250000000D-02  0.19531250000000D-02
            0.19531250000000D-02  0.19531250000000D-02  0.19531250000000D-02
            0.19531250000000D-02  0.19531250000000D-02  0.19531250000000D-02
            0.19531250000000D-02  0.19531250000000D-02  0.19531250000000D-02
            0.19531250000000D-02  0.19531250000000D-02  0.19531250000000D-02
            0.19531250000000D-02  0.19531250000000D-02  0.19531250000000D-02
            0.19531250000000D-02  0.19531250000000D-02  0.19531250000000D-02
            0.19531250000000D-02  0.19531250000000D-02  0.19531250000000D-02
            0.19531250000000D-02  0.19531250000000D-02  0.19531250000000D-02
            0.19531250000000D-02  0.19531250000000D-02  0.19531250000000D-02
            0.19531250000000D-02  0.19531250000000D-02  0.19531250000000D-02
            0.19531250000000D-02  0.19531250000000D-02  0.19531250000000D-02
            0.19531250000000D-02  0.19531250000000D-02  0.19531250000000D-02
            0.19531250000000D-02  0.19531250000000D-02  0.19531250000000D-02
            0.19531250000000D-02  0.19531250000000D-02  0.19531250000000D-02
            0.19531250000000D-02  0.19531250000000D-02  0.19531250000000D-02
            0.19531250000000D-02  0.19531250000000D-02  0.19531250000000D-02
            0.19531250000000D-02  0.19531250000000D-02  0.19531250000000D-02
            0.19531250000000D-02  0.19531250000000D-02  0.19531250000000D-02
            0.19531250000000D-02  0.19531250000000D-02  0.19531250000000D-02
            0.19531250000000D-02  0.19531250000000D-02  0.19531250000000D-02
            0.19531250000000D-02  0.19531250000000D-02  0.19531250000000D-02
            0.19531250000000D-02  0.19531250000000D-02  0.19531250000000D-02
            0.19531250000000D-02  0.19531250000000D-02  0.19531250000000D-02
            0.19531250000000D-02  0.19531250000000D-02  0.19531250000000D-02
            0.19531250000000D-02  0.19531250000000D-02  0.19531250000000D-02
            0.19531250000000D-02  0.19531250000000D-02  0.19531250000000D-02
            0.19531250000000D-02  0.19531250000000D-02  0.19531250000000D-02
            0.19531250000000D-02  0.19531250000000D-02  0.19531250000000D-02
            0.19531250000000D-02  0.19531250000000D-02  0.19531250000000D-02
            0.19531250000000D-02  0.19531250000000D-02  0.19531250000000D-02
            0.19531250000000D-02  0.19531250000000D-02  0.19531250000000D-02
            0.19531250000000D-02  0.19531250000000D-02  0.19531250000000D-02
            0.19531250000000D-02  0.19531250000000D-02  0.19531250000000D-02
            0.19531250000000D-02  0.19531250000000D-02  0.19531250000000D-02
            0.19531250000000D-02  0.19531250000000D-02  0.19531250000000D-02
            0.19531250000000D-02  0.19531250000000D-02  0.19531250000000D-02
            0.19531250000000D-02  0.19531250000000D-02  0.19531250000000D-02
            0.19531250000000D-02  0.19531250000000D-02  0.19531250000000D-02
            0.19531250000000D-02  0.19531250000000D-02  0.19531250000000D-02
            0.19531250000000D-02  0.19531250000000D-02  0.19531250000000D-02
            0.19531250000000D-02  0.19531250000000D-02  0.19531250000000D-02
            0.19531250000000D-02  0.19531250000000D-02  0.19531250000000D-02
            0.19531250000000D-02  0.19531250000000D-02  0.19531250000000D-02
            0.19531250000000D-02  0.19531250000000D-02  0.19531250000000D-02
            0.19531250000000D-02  0.19531250000000D-02  0.19531250000000D-02
            0.19531250000000D-02  0.19531250000000D-02  0.19531250000000D-02
            0.19531250000000D-02  0.19531250000000D-02  0.19531250000000D-02
            0.19531250000000D-02  0.19531250000000D-02  0.19531250000000D-02
            0.19531250000000D-02  0.19531250000000D-02  0.19531250000000D-02
            0.19531250000000D-02  0.19531250000000D-02  0.19531250000000D-02
            0.19531250000000D-02  0.19531250000000D-02  0.19531250000000D-02
            0.19531250000000D-02  0.19531250000000D-02  0.19531250000000D-02
            0.19531250000000D-02  0.19531250000000D-02  0.19531250000000D-02
            0.19531250000000D-02  0.19531250000000D-02  0.19531250000000D-02
            0.19531250000000D-02  0.19531250000000D-02  0.19531250000000D-02
            0.19531250000000D-02  0.19531250000000D-02  0.19531250000000D-02
            0.19531250000000D-02  0.19531250000000D-02  0.19531250000000D-02
            0.19531250000000D-02  0.19531250000000D-02  0.19531250000000D-02
            0.19531250000000D-02  0.19531250000000D-02  0.19531250000000D-02
            0.19531250000000D-02  0.19531250000000D-02  0.19531250000000D-02
            0.19531250000000D-02  0.19531250000000D-02  0.19531250000000D-02
            0.19531250000000D-02  0.19531250000000D-02  0.19531250000000D-02
            0.19531250000000D-02  0.19531250000000D-02  0.19531250000000D-02
            0.19531250000000D-02  0.19531250000000D-02  0.19531250000000D-02
            0.19531250000000D-02  0.19531250000000D-02  0.19531250000000D-02
            0.19531250000000D-02  0.19531250000000D-02  0.19531250000000D-02
            0.19531250000000D-02  0.19531250000000D-02  0.19531250000000D-02
            0.19531250000000D-02  0.19531250000000D-02  0.19531250000000D-02
            0.19531250000000D-02  0.19531250000000D-02  0.19531250000000D-02
            0.19531250000000D-02  0.19531250000000D-02  0.19531250000000D-02
            0.19531250000000D-02  0.19531250000000D-02  0.19531250000000D-02
            0.19531250000000D-02  0.19531250000000D-02  0.19531250000000D-02
            0.19531250000000D-02  0.19531250000000D-02  0.19531250000000D-02
            0.19531250000000D-02  0.19531250000000D-02  0.19531250000000D-02
            0.19531250000000D-02  0.19531250000000D-02  0.19531250000000D-02
            0.19531250000000D-02  0.19531250000000D-02  0.19531250000000D-02
            0.19531250000000D-02  0.19531250000000D-02  0.19531250000000D-02
            0.19531250000000D-02  0.19531250000000D-02  0.19531250000000D-02
            0.19531250000000D-02  0.19531250000000D-02  0.19531250000000D-02
            0.19531250000000D-02  0.19531250000000D-02  0.19531250000000D-02
            0.19531250000000D-02  0.19531250000000D-02  0.19531250000000D-02
            0.19531250000000D-02  0.19531250000000D-02  0.19531250000000D-02
            0.19531250000000D-02  0.19531250000000D-02  0.19531250000000D-02
            0.19531250000000D-02  0.19531250000000D-02  0.19531250000000D-02
            0.19531250000000D-02  0.19531250000000D-02  0.19531250000000D-02
            0.19531250000000D-02  0.19531250000000D-02  0.19531250000000D-02
            0.19531250000000D-02  0.19531250000000D-02  0.19531250000000D-02
            0.19531250000000D-02  0.19531250000000D-02  0.19531250000000D-02
            0.19531250000000D-02  0.19531250000000D-02  0.19531250000000D-02
            0.19531250000000D-02  0.19531250000000D-02  0.19531250000000D-02
            0.19531250000000D-02  0.19531250000000D-02  0.19531250000000D-02
            0.19531250000000D-02  0.19531250000000D-02  0.19531250000000D-02
            0.19531250000000D-02  0.19531250000000D-02  0.19531250000000D-02
            0.19531250000000D-02  0.19531250000000D-02  0.19531250000000D-02
            0.19531250000000D-02  0.19531250000000D-02  0.19531250000000D-02
            0.19531250000000D-02  0.19531250000000D-02  0.19531250000000D-02
            0.19531250000000D-02  0.19531250000000D-02  0.19531250000000D-02
            0.19531250000000D-02  0.19531250000000D-02  0.19531250000000D-02
            0.19531250000000D-02  0.19531250000000D-02  0.19531250000000D-02
            0.19531250000000D-02  0.19531250000000D-02  0.19531250000000D-02
            0.19531250000000D-02  0.19531250000000D-02  0.19531250000000D-02
            0.19531250000000D-02  0.19531250000000D-02  0.19531250000000D-02
            0.19531250000000D-02  0.19531250000000D-02  0.19531250000000D-02
            0.19531250000000D-02  0.19531250000000D-02  0.19531250000000D-02
            0.19531250000000D-02  0.19531250000000D-02  0.19531250000000D-02
            0.19531250000000D-02  0.19531250000000D-02  0.19531250000000D-02
            0.19531250000000D-02  0.19531250000000D-02  0.19531250000000D-02
            0.19531250000000D-02  0.19531250000000D-02  0.19531250000000D-02
            0.19531250000000D-02  0.19531250000000D-02  0.19531250000000D-02
            0.19531250000000D-02  0.19531250000000D-02  0.19531250000000D-02
            0.19531250000000D-02  0.19531250000000D-02  0.19531250000000D-02
            0.19531250000000D-02  0.19531250000000D-02  0.19531250000000D-02
            0.19531250000000D-02  0.19531250000000D-02  0.19531250000000D-02
            0.19531250000000D-02  0.19531250000000D-02  0.19531250000000D-02
            0.19531250000000D-02  0.19531250000000D-02  0.19531250000000D-02
            0.19531250000000D-02  0.19531250000000D-02  0.19531250000000D-02
            0.19531250000000D-02  0.19531250000000D-02  0.19531250000000D-02
            0.19531250000000D-02  0.19531250000000D-02  0.19531250000000D-02
            0.19531250000000D-02  0.19531250000000D-02  0.19531250000000D-02
            0.19531250000000D-02  0.19531250000000D-02  0.19531250000000D-02
            0.19531250000000D-02  0.19531250000000D-02  0.19531250000000D-02
            0.19531250000000D-02  0.19531250000000D-02  0.19531250000000D-02
            0.19531250000000D-02  0.19531250000000D-02  0.19531250000000D-02
            0.19531250000000D-02  0.19531250000000D-02  0.19531250000000D-02
            0.19531250000000D-02  0.19531250000000D-02  0.19531250000000D-02
            0.19531250000000D-02  0.19531250000000D-02  0.19531250000000D-02
            0.19531250000000D-02  0.19531250000000D-02  0.19531250000000D-02
            0.19531250000000D-02  0.19531250000000D-02  0.19531250000000D-02
            0.19531250000000D-02  0.19531250000000D-02  0.19531250000000D-02
            0.19531250000000D-02  0.19531250000000D-02  0.19531250000000D-02
            0.19531250000000D-02  0.19531250000000D-02  0.19531250000000D-02
            0.19531250000000D-02  0.19531250000000D-02  0.19531250000000D-02
            0.19531250000000D-02  0.19531250000000D-02  0.19531250000000D-02
            0.19531250000000D-02  0.19531250000000D-02  0.19531250000000D-02
            0.19531250000000D-02  0.19531250000000D-02  0.19531250000000D-02
            0.19531250000000D-02  0.19531250000000D-02  0.19531250000000D-02
            0.19531250000000D-02  0.19531250000000D-02  0.19531250000000D-02
            0.19531250000000D-02  0.19531250000000D-02  0.19531250000000D-02
            0.19531250000000D-02  0.19531250000000D-02  0.19531250000000D-02
            0.19531250000000D-02  0.19531250000000D-02  0.19531250000000D-02
            0.19531250000000D-02  0.19531250000000D-02  0.19531250000000D-02
            0.19531250000000D-02  0.19531250000000D-02  0.19531250000000D-02
            0.19531250000000D-02  0.19531250000000D-02  0.19531250000000D-02
            0.19531250000000D-02  0.19531250000000D-02  0.19531250000000D-02
            0.19531250000000D-02  0.19531250000000D-02  0.19531250000000D-02
            0.19531250000000D-02  0.19531250000000D-02  0.19531250000000D-02
            0.19531250000000D-02  0.19531250000000D-02  0.19531250000000D-02
            0.19531250000000D-02  0.19531250000000D-02
      xred  0.00000000000000D+00  0.00000000000000D+00  0.00000000000000D+00
            0.50000000000000D+00  0.50000000000000D+00  0.50000000000000D+00
            0.00000000000000D+00  0.50000000000000D+00  0.50000000000000D+00
            0.50000000000000D+00  0.00000000000000D+00  0.50000000000000D+00
            0.50000000000000D+00  0.50000000000000D+00  0.00000000000000D+00
     znucl  0.56000000000000D+02  0.22000000000000D+02  0.80000000000000D+01
      zion  0.10000000000000D+02  0.12000000000000D+02  0.60000000000000D+01
 
  Description of the potentials (KB energies)
  vrsio8 (for pseudopotentials)= 10929
  dimekb =  4       lmnmax=  4       usepaw=  0
  Atom type=    1   pspso=  0   nekb=   4
  iln lpsang iproj  ekb(:)
     1     0     1    -9.6466923E+00  0.0000000E+00  0.0000000E+00  0.0000000E+00
     2     0     2     0.0000000E+00  2.7266828E+01  0.0000000E+00  0.0000000E+00
     3     1     1     0.0000000E+00  0.0000000E+00 -6.9384758E+00  0.0000000E+00
     4     1     2     0.0000000E+00  0.0000000E+00  0.0000000E+00  2.1148499E+01
  Atom type=    2   pspso=  0   nekb=   4
  iln lpsang iproj  ekb(:)
     1     0     1     9.5173163E+00  0.0000000E+00  0.0000000E+00  0.0000000E+00
     2     0     2     0.0000000E+00 -2.3446820E+00  0.0000000E+00  0.0000000E+00
     3     1     1     0.0000000E+00  0.0000000E+00  5.0114063E+00  0.0000000E+00
     4     1     2     0.0000000E+00  0.0000000E+00  0.0000000E+00 -7.4117869E-01
  Atom type=    3   pspso=  0   nekb=   2
  iln lpsang iproj  ekb(:)
     1     0     1     5.7633608E+00  0.0000000E+00
     2     0     2     0.0000000E+00 -1.7984213E+00
 
 **** Database of total energy derivatives ****
 Number of data blocks=    1

 2rd derivatives (non-stat.)  - # elements :     225
 qpt  5.00000000E-01  5.00000000E-01  2.50000000E-01   1.0
   1   1   1   1  0.60990728250256D+01  0.14448086455962D-17
   1   1   2   1  0.39595294610954D-13  0.41298769243231D-14
   1   1   3   1  0.55394516922752D-07 -0.13949552707517D-10
   1   1   1   2  0.23642255949068D-13  0.40340570361721D-13
   1   1   2   2 -0.29900836649088D+01  0.29900836649360D+01
   1   1   3   2 -0.22654999215048D-07  0.22562794539831D-07
   1   1   1   3 -0.77834957587654D-13 -0.10543136625975D-12
   1   1   2   3 -0.11038791327019D-12 -0.95597318514628D-13
   1   1   3   3 -0.95853465349369D-13 -0.11463667497050D-12
   1   1   1   4 -0.81397191826761D-13 -0.97415000434290D-13
   1   1   2   4  0.39354437912299D-13  0.26174929022685D-13
   1   1   3   4 -0.18287851555098D+00 -0.18287851554837D+00
   1   1   1   5  0.47148659625517D-13  0.64874361963061D-14
   1   1   2   5 -0.28842519789379D-01  0.58511475244952D-11
   1   1   3   5  0.75527023196603D-07 -0.60606154108038D-10
   2   1   1   1  0.39595294610954D-13 -0.41298769512081D-14
   2   1   2   1  0.60990728250260D+01  0.14469340164438D-17
   2   1   3   1  0.55394520383113D-07 -0.13958122230835D-10
   2   1   1   2 -0.29900657651564D+01  0.29900657643825D+01
   2   1   2   2  0.41756447428392D-14  0.37346942755728D-14
   2   1   3   2 -0.22655012423678D-07  0.22562809337394D-07
   2   1   1   3  0.17674788942301D-13  0.41548921944682D-13
   2   1   2   3  0.62761574174117D-13  0.11410608888343D-12
   2   1   3   3 -0.18287545001439D+00 -0.18287545003871D+00
   2   1   1   4  0.68759518009978D-15  0.10405520885591D-14
   2   1   2   4  0.16753222634030D-14 -0.31450864086754D-14
   2   1   3   4  0.38356230516669D-16  0.29368584215862D-15
   2   1   1   5 -0.28839818332258D-01  0.15934527242652D-10
   2   1   2   5 -0.39004608862101D-15 -0.22701646560490D-19
   2   1   3   5  0.75527022129995D-07 -0.60606410580471D-10
   3   1   1   1  0.11197700583111D-12  0.97295349756580D-14
   3   1   2   1  0.55394520383113D-07  0.13958122199248D-10
   3   1   3   1  0.47701127575899D+01  0.13608496958861D-16
   3   1   1   2  0.14687504465034D-12  0.19014992016543D-12
   3   1   2   2 -0.23369212814247D-06  0.23366484831934D-06
   3   1   3   2  0.21929254140268D-07 -0.21878159003878D-07
   3   1   1   3  0.76617356835350D-13  0.69800246833921D-13
   3   1   2   3 -0.11304290034478D+00 -0.11304290034639D+00
   3   1   3   3  0.88380058263403D-13 -0.25682561984155D-13
   3   1   1   4 -0.11304375403252D+00 -0.11304375403424D+00
   3   1   2   4  0.63864596084963D-06  0.63864580365625D-06
   3   1   3   4 -0.37476069224716D-08 -0.37730144365146D-08
   3   1   1   5  0.10514445568897D-12  0.86804809227549D-15
   3   1   2   5 -0.32081977520365D-07 -0.28848440665926D-10
   3   1   3   5 -0.86618538234341D-08  0.27922703690464D-10
   1   2   1   1 -0.54852393265026D-13 -0.48142504963717D-13
   1   2   2   1 -0.29900657651564D+01 -0.29900657643825D+01
   1   2   3   1 -0.23369213388846D-06 -0.23366484629803D-06
   1   2   1   2  0.16901627446413D+02  0.30074889465795D-14
   1   2   2   2 -0.36129956970025D-12  0.65614445751971D-13
   1   2   3   2  0.92390196451000D-07 -0.17046213926685D-10
   1   2   1   3 -0.45194136362675D-13 -0.52472865850330D-13
   1   2   2   3  0.28862771950899D-12 -0.41523052973456D-12
   1   2   3   3  0.24942702258546D-10  0.28940922857365D+00
   1   2   1   4 -0.41384257903135D-13  0.67334130671239D-13
   1   2   2   4 -0.95585009865456D-13  0.16203875395742D-13
   1   2   3   4 -0.14764355695636D-13 -0.13698985368774D-13
   1   2   1   5 -0.14760285678974D+01 -0.14760285678996D+01
   1   2   2   5 -0.34979376215723D-13 -0.31963969104761D-13
   1   2   3   5 -0.50067095013371D-07 -0.50056857198939D-07
   2   2   1   1 -0.29900836649088D+01 -0.29900836649360D+01
   2   2   2   1  0.41756447428392D-14 -0.37346942755728D-14
   2   2   3   1 -0.23369212814247D-06 -0.23366484831934D-06
   2   2   1   2 -0.36129956970025D-12 -0.61749903404215D-13
   2   2   2   2  0.16901627446417D+02  0.30074920071135D-14
   2   2   3   2  0.92390232574854D-07 -0.17026285321278D-10
   2   2   1   3  0.26598746648935D-13  0.81300849773382D-13
   2   2   2   3  0.20871833858104D-12  0.49329413579929D-12
   2   2   3   3  0.14306572499976D-13  0.66391473010723D-12
   2   2   1   4  0.28366633449036D-16 -0.78134741566843D-15
   2   2   2   4  0.37671513516366D-14 -0.13964372763237D-13
   2   2   3   4  0.24942702258546D-10  0.28940922857367D+00
   2   2   1   5  0.32061580890504D-12  0.31966083624005D-12
   2   2   2   5 -0.14760285678974D+01 -0.14760285678996D+01
   2   2   3   5 -0.50067122236151D-07 -0.50056881471205D-07
   3   2   1   1  0.14926645975924D-14  0.23219758614118D-13
   3   2   2   1 -0.22655012423678D-07 -0.22562809337394D-07
   3   2   3   1  0.13151443397539D-05  0.13151446375357D-05
   3   2   1   2  0.26737106139556D-12  0.86255585700232D-13
   3   2   2   2  0.92390232574854D-07  0.17030379412931D-10
   3   2   3   2  0.92874530701183D+01  0.27673982215680D-14
   3   2   1   3  0.43694354645907D-11 -0.24945699152904D+01
   3   2   2   3  0.13151441163570D-14  0.60196705817524D-12
   3   2   3   3  0.17582769732889D-12  0.19733564388427D-12
   3   2   1   4 -0.29433766322066D-11 -0.16426328723648D-06
   3   2   2   4  0.32526586426103D-11 -0.24945768054655D+01
   3   2   3   4 -0.56834620047781D-11  0.11257513586570D-07
   3   2   1   5 -0.14183577707580D-12 -0.18063730049574D-12
   3   2   2   5  0.16590949814590D-07  0.16568242815735D-07
   3   2   3   5 -0.48375828596249D-01 -0.48375828603014D-01
   1   3   1   1  0.65442323797844D-13 -0.59634070251610D-13
   1   3   2   1  0.17674788942301D-13 -0.41548921944682D-13
   1   3   3   1  0.63864596160273D-06 -0.63864579831891D-06
   1   3   1   2 -0.18977897540932D-12 -0.17098334808741D-12
   1   3   2   2  0.26598746648935D-13 -0.81300849773382D-13
   1   3   3   2  0.32518888354960D-11  0.24945768054655D+01
   1   3   1   3  0.11531089267886D+02 -0.28753327544694D-16
   1   3   2   3  0.49483163487452D-13  0.87652067182697D-14
   1   3   3   3 -0.26239736447636D-12 -0.27185139874857D-13
   1   3   1   4 -0.61032557724813D-13 -0.60420762744535D-14
   1   3   2   4  0.54663707184738D+01 -0.96524599699253D-11
   1   3   3   4 -0.27862904650255D-14  0.12225656256906D-13
   1   3   1   5 -0.25319321517203D-12  0.24365727452912D-12
   1   3   2   5  0.63336031881760D-14  0.33663333335605D-13
   1   3   3   5  0.26808972059284D+01 -0.26808972059307D+01
   2   3   1   1  0.17781685668298D-14  0.60777316823179D-14
   2   3   2   1  0.62761574174117D-13 -0.11410608888343D-12
   2   3   3   1 -0.11304375403254D+00  0.11304375403424D+00
   2   3   1   2 -0.26295736514233D-14  0.46065739458796D-13
   2   3   2   2  0.20871833858104D-12 -0.49329413579929D-12
   2   3   3   2 -0.29450241510239D-11  0.16426328499814D-06
   2   3   1   3  0.92404364418689D-13 -0.18726552817882D-13
   2   3   2   3  0.41282441372177D+01 -0.20049018653289D-15
   2   3   3   3 -0.23039457441531D-12  0.19471522338972D-13
   2   3   1   4  0.27685796729429D+01  0.64692254151644D-11
   2   3   2   4  0.36568917423836D-13  0.45784129505390D-14
   2   3   3   4  0.27675216082200D-13  0.53326291427876D-14
   2   3   1   5  0.23083725003032D-12 -0.24533056315758D-12
   2   3   2   5  0.65051484142945D-13 -0.42063836825593D-13
   2   3   3   5  0.64945556262119D-07 -0.64944556847591D-07
   3   3   1   1  0.41576016325260D-14 -0.10673332859706D-13
   3   3   2   1 -0.18287545001439D+00  0.18287545003871D+00
   3   3   3   1 -0.37475991870255D-08  0.37730138967497D-08
   3   3   1   2  0.10681569085585D-10 -0.28941275502475D+00
   3   3   2   2  0.14306572499976D-13 -0.66391473010723D-12
   3   3   3   2 -0.56735747235395D-11 -0.11257511130896D-07
   3   3   1   3 -0.54945517999915D-13  0.25835711146198D-13
   3   3   2   3 -0.80536751997532D-13 -0.29068185846877D-13
   3   3   3   3  0.39999246794259D+01 -0.18245107650031D-15
   3   3   1   4 -0.55614021305903D-13  0.50065179571134D-14
   3   3   2   4 -0.21388773481117D-12  0.48264136406996D-14
   3   3   3   4  0.38221689114537D-13  0.17380906773623D-14
   3   3   1   5  0.12490986199258D+01 -0.12490986199046D+01
   3   3   2   5  0.61241003372522D-13 -0.62554258923537D-13
   3   3   3   5 -0.50897770607797D-08  0.50907183165651D-08
   1   4   1   1 -0.81397191826761D-13  0.97415000434290D-13
   1   4   2   1  0.68759518009978D-15 -0.10405520885591D-14
   1   4   3   1 -0.11304375403252D+00  0.11304375403424D+00
   1   4   1   2 -0.41384257903135D-13 -0.67334130671239D-13
   1   4   2   2  0.28366633449036D-16  0.78134741566843D-15
   1   4   3   2 -0.29433766322066D-11  0.16426328723648D-06
   1   4   1   3 -0.61032557724813D-13  0.60420762744535D-14
   1   4   2   3  0.27685796729429D+01 -0.64692254151644D-11
   1   4   3   3 -0.55614021305903D-13 -0.50065179571134D-14
   1   4   1   4  0.41282441372200D+01 -0.20049095166640D-15
   1   4   2   4 -0.51255549753908D-15  0.00000000000000D+00
   1   4   3   4  0.37206011289381D-15 -0.17002368260760D-15
   1   4   1   5  0.32287404021093D-12 -0.31922507938023D-12
   1   4   2   5 -0.33611760603036D-15  0.46951043180134D-15
   1   4   3   5  0.64945546789438D-07 -0.64944561419639D-07
   2   4   1   1  0.39354437912299D-13 -0.26174929022685D-13
   2   4   2   1  0.16753222634030D-14  0.31450864086754D-14
   2   4   3   1  0.63864596084963D-06 -0.63864580365625D-06
   2   4   1   2 -0.95585009865456D-13 -0.16203875395742D-13
   2   4   2   2  0.37671513516366D-14  0.13964372763237D-13
   2   4   3   2  0.32526586426103D-11  0.24945768054655D+01
   2   4   1   3  0.54663707184738D+01  0.96524599699253D-11
   2   4   2   3  0.36568917423836D-13 -0.45784129505390D-14
   2   4   3   3 -0.21388773481117D-12 -0.48264136406996D-14
   2   4   1   4 -0.51255549753908D-15  0.00000000000000D+00
   2   4   2   4  0.11531089267885D+02 -0.28752562411189D-16
   2   4   3   4  0.13301830149040D-14  0.00000000000000D+00
   2   4   1   5  0.81940302555241D-13 -0.10415793709946D-12
   2   4   2   5  0.12078506436917D-14  0.21675648689684D-14
   2   4   3   5  0.26808972059284D+01 -0.26808972059307D+01
   3   4   1   1 -0.18287851555098D+00  0.18287851554837D+00
   3   4   2   1  0.38356230516669D-16 -0.29368584215862D-15
   3   4   3   1 -0.37476069224716D-08  0.37730144365146D-08
   3   4   1   2 -0.14764355695636D-13  0.13698985368774D-13
   3   4   2   2  0.10681569085585D-10 -0.28941275502478D+00
   3   4   3   2 -0.56834620047781D-11 -0.11257513586570D-07
   3   4   1   3 -0.27862904650255D-14 -0.12225656256906D-13
   3   4   2   3  0.27675216082200D-13 -0.53326291427876D-14
   3   4   3   3  0.38221689114537D-13 -0.17380906773623D-14
   3   4   1   4  0.37206011289381D-15 -0.17002368260760D-15
   3   4   2   4  0.13301830149040D-14  0.00000000000000D+00
   3   4   3   4  0.39999246794268D+01 -0.18245107650031D-15
   3   4   1   5 -0.80987709754823D-14  0.13363000883257D-13
   3   4   2   5  0.12490986199258D+01 -0.12490986199046D+01
   3   4   3   5 -0.50897654497775D-08  0.50907105005346D-08
   1   5   1   1 -0.11209393092844D-13 -0.19171935638415D-14
   1   5   2   1 -0.28839818332258D-01 -0.15934527242652D-10
   1   5   3   1 -0.32081974838599D-07  0.28850932041996D-10
   1   5   1   2 -0.14760220911244D+01  0.14760220911371D+01
   1   5   2   2  0.32061580890504D-12 -0.31966083624005D-12
   1   5   3   2  0.16590955336152D-07 -0.16568239775504D-07
   1   5   1   3  0.37052569385785D-13  0.21279597673266D-13
   1   5   2   3 -0.31420711269583D-13 -0.93564493291964D-13
   1   5   3   3  0.12490942588873D+01  0.12490942588750D+01
   1   5   1   4  0.32287404021093D-12  0.31922507938023D-12
   1   5   2   4  0.81940302555241D-13  0.10415793709946D-12
   1   5   3   4 -0.80987709754823D-14 -0.13363000883257D-13
   1   5   1   5  0.37407179349734D+01  0.52013111241462D-18
   1   5   2   5  0.12568787882652D-12 -0.13390593184814D-13
   1   5   3   5 -0.39431127158915D-07 -0.42684192283234D-11
   2   5   1   1 -0.28842519789379D-01 -0.58511475244952D-11
   2   5   2   1 -0.39004608862101D-15  0.22701646560490D-19
   2   5   3   1 -0.32081977520365D-07  0.28848440665926D-10
   2   5   1   2 -0.34979376215723D-13  0.31963969104761D-13
   2   5   2   2 -0.14760220911244D+01  0.14760220911371D+01
   2   5   3   2  0.16590949814590D-07 -0.16568242815735D-07
   2   5   1   3  0.63336031881760D-14 -0.33663333335605D-13
   2   5   2   3  0.65051484142945D-13  0.42063836825593D-13
   2   5   3   3  0.61241003372522D-13  0.62554258923537D-13
   2   5   1   4 -0.33611760603036D-15 -0.46951043180134D-15
   2   5   2   4  0.12078506436917D-14 -0.21675648689684D-14
   2   5   3   4  0.12490942588873D+01  0.12490942588750D+01
   2   5   1   5  0.12568787882652D-12  0.13390593175135D-13
   2   5   2   5  0.37407179349734D+01  0.52089624591978D-18
   2   5   3   5 -0.39431109986251D-07 -0.42491896041129D-11
   3   5   1   1  0.62024365507885D-13  0.21691808829975D-14
   3   5   2   1  0.75527022129995D-07  0.60606410580471D-10
   3   5   3   1  0.44222663112073D-06 -0.61002802458277D-13
   3   5   1   2 -0.32440064871468D-13 -0.61402181376606D-13
   3   5   2   2 -0.50067122236151D-07  0.50056881471205D-07
   3   5   3   2 -0.48370684829962D-01  0.48370684837096D-01
   3   5   1   3  0.26808963783398D+01  0.26808963783491D+01
   3   5   2   3 -0.43298164527432D-13 -0.43461370598866D-13
   3   5   3   3 -0.39861378569743D-13 -0.15926967443348D-13
   3   5   1   4  0.64945546789438D-07  0.64944561419639D-07
   3   5   2   4  0.26808972059284D+01  0.26808972059307D+01
   3   5   3   4 -0.50897654497775D-08 -0.50907105005346D-08
   3   5   1   5  0.71585410403573D-12 -0.20175873570905D-13
   3   5   2   5 -0.39431109986251D-07  0.42491895927417D-11
   3   5   3   5  0.81696260423496D+01  0.48990589051900D-17
